-355
-340
-331
-327
-347
-357
-342
-342
-328
-342
-345
-342
-339
-346
-350
-361
-350
-347
-363
-355
-357
-362
-349
-362
-360
-385
-385
-374
-365
-374
-348
-346
-349
-329
-338
-343
-328
-323
-341
-333
-321
-308
-328
-332
-329
-315
-311
-317
-302
-318
-318
-314
-326
-316
-309
-322
-319
-326
-315
-313
-262
-242
-220
-193
-202
-212
-206
-191
-212
-253
-255
-247
-224
-202
-214
-218
-261
-353
-356
-363
-356
-358
-366
-342
-349
-363
-344
-351
-361
-351
-372
-397
-499
-561
-582
-345
157
668
971
1065
707
406
-26
-398
-484
-493
-406
-374
-337
-305
-304
-301
-308
-305
-280
-278
-273
-266
-278
-268
-254
-243
-239
-218
-227
-219
-214
-188
-193
-170
-152
-135
-126
-111
-69
-45
-21
2
32
57
63
114
146
153
167
190
186
170
187
195
164
115
105
60
25
-58
-80
-120
-165
-168
-193
-228
-244
-257
-244
-253
-264
-270
-256
-262
-264
-264
-254
-251
-248
-269
-251
-250
-251
-253
-266
-252
-246
-265
-248
-250
-252
-234
-238
-258
-247
-254
-252
-255
-243
-259
-258
-262
-267
-269
-272
-270
-265
-272
-282
-278
-261
-271
-286
-269
-287
-275
-273
-281
-269
-276
-294
-267
-282
-279
-280
-281
-287
-291
-279
-287
-281
-287
-307
-283
-286
-271
-290
-286
-258
-240
-214
-178
-155
-169
-175
-150
-160
-195
-222
-221
-199
-176
-191
-191
-194
-254
-313
-315
-309
-328
-313
-307
-326
-319
-326
-306
-322
-299
-318
-332
-419
-507
-534
-452
-47
503
873
1032
901
577
238
-203
-446
-463
-407
-365
-341
-299
-291
-281
-282
-271
-275
-276
-278
-260
-247
-260
-245
-238
-236
-220
-226
-210
-204
-199
-194
-172
-158
-152
-158
-121
-100
-61
-52
-31
0
22
31
73
109
129
150
162
174
167
182
179
157
150
115
70
27
-8
-63
-105
-131
-197
-194
-208
-248
-243
-260
-242
-263
-270
-271
-272
-273
-265
-271
-261
-261
-275
-270
-262
-259
-256
-285
-262
-272
-257
-257
-263
-258
-267
-271
-269
-266
-266
-274
-263
-274
-268
-279
-281
-278
-273
-280
-276
-288
-275
-280
-268
-279
-270
-297
-294
-276
-288
-273
-288
-286
-289
-280
-288
-286
-293
-304
-286
-294
-286
-295
-314
-291
-295
-303
-290
-301
-288
-301
-300
-310
-288
-265
-257
-227
-220
-173
-166
-175
-157
-157
-171
-230
-219
-242
-189
-177
-177
-199
-199
-256
-326
-325
-313
-328
-337
-343
-337
-342
-318
-333
-338
-332
-342
-367
-489
-572
-570
-409
72
613
945
1104
900
577
182
-227
-435
-413
-388
-356
-325
-300
-296
-288
-291
-295
-287
-274
-281
-245
-259
-240
-239
-235
-240
-242
-231
-220
-221
-208
-189
-179
-158
-151
-143
-128
-104
-98
-65
-25
-4
18
48
84
90
115
139
159
167
173
186
178
149
145
101
64
5
-27
-54
-105
-138
-172
-197
-214
-242
-261
-271
-265
-274
-281
-272
-282
-281
-280
-268
-267
-292
-277
-287
-278
-276
-259
-255
-266
-271
-272
-272
-251
-253
-263
-274
-268
-264
-272
-272
-282
-282
-292
-294
-264
-285
-280
-295
-295
-282
-287
-285
-281
-283
-303
-302
-293
-298
-301
-313
-295
-310
-309
-321
-311
-305
-305
-326
-301
-299
-311
-310
-317
-312
-309
-306
-306
-318
-303
-309
-311
-301
-312
-314
-304
-309
-291
-259
-248
-229
-194
-186
-178
-195
-170
-185
-227
-253
-256
-215
-188
-184
-201
-219
-271
-345
-353
-349
-360
-351
-335
-359
-326
-361
-351
-344
-348
-363
-355
-462
-563
-598
-444
19
586
952
1117
970
634
257
-188
-432
-445
-397
-359
-349
-292
-294
-305
-281
-310
-270
-305
-280
-245
-249
-267
-249
-246
-244
-227
-245
-238
-214
-199
-199
-194
-149
-153
-129
-128
-103
-65
-65
-42
0
23
49
78
110
135
146
160
182
176
172
186
169
141
136
52
26
-3
-57
-93
-123
-172
-219
-212
-215
-235
-265
-239
-267
-257
-265
-270
-263
-265
-279
-257
-272
-266
-271
-251
-252
-272
-261
-267
-260
-266
-262
-251
-267
-271
-254
-278
-273
-270
-277
-249
-271
-268
-275
-272
-268
-289
-285
-282
-273
-279
-282
-301
-288
-288
-287
-284
-284
-286
-285
-281
-274
-301
-281
-288
-298
-293
-297
-300
-282
-294
-298
-281
-295
-303
-278
-289
-287
-293
-298
-281
-278
-235
-206
-198
-173
-189
-194
-197
-165
-208
-241
-238
-216
-176
-185
-194
-185
-226
-326
-321
-331
-346
-351
-316
-293
-327
-331
-302
-308
-313
-317
-329
-382
-487
-540
-506
-178
280
771
979
1003
645
340
-152
-466
-487
-455
-384
-342
-305
-278
-278
-271
-277
-260
-268
-264
-263
-245
-251
-226
-230
-237
-218
-192
-200
-218
-190
-177
-169
-166
-153
-127
-128
-92
-76
-46
-37
-4
16
51
80
101
137
150
165
164
190
175
176
168
150
132
85
53
-1
-28
-70
-107
-133
-165
-198
-217
-225
-232
-249
-247
-244
-241
-253
-246
-258
-243
-253
-238
-239
-239
-239
-246
-248
-236
-239
-234
-264
-247
-249
-257
-241
-244
-254
-251
-251
-255
-248
-249
-251
-255
-256
-273
-260
-257
-259
-270
-286
-258
-267
-264
-259
-265
-267
-271
-276
-270
-267
-268
-262
-271
-274
-282
-270
-274
-262
-274
-265
-276
-280
-275
-281
-280
-276
-291
-275
-271
-269
-281
-242
-204
-209
-174
-169
-192
-169
-134
-171
-213
-211
-230
-190
-172
-165
-164
-208
-277
-321
-317
-329
-336
-309
-315
-325
-318
-329
-308
-324
-326
-341
-376
-477
-558
-551
-301
212
708
985
1059
723
440
15
-350
-448
-417
-360
-350
-290
-278
-293
-284
-293
-275
-285
-277
-260
-265
-268
-249
-247
-230
-247
-219
-207
-211
-200
-184
-174
-168
-153
-145
-125
-101
-95
-66
-49
-20
5
23
61
99
111
130
158
159
172
177
193
166
162
136
95
49
-3
-48
-61
-114
-141
-183
-192
-212
-221
-238
-260
-256
-253
-261
-267
-253
-261
-249
-265
-269
-259
-265
-277
-267
-269
-264
-260
-251
-266
-278
-267
-272
-274
-278
-274
-269
-276
-287
-281
-296
-279
-291
-292
-287
-288
-296
-302
-288
-295
-302
-292
-293
-288
-307
-301
-288
-308
-298
-295
-300
-306
-293
-308
-305
-308
-298
-309
-328
-314
-309
-315
-314
-322
-299
-313
-303
-305
-310
-297
-311
-304
-319
-314
-302
-293
-277
-228
-219
-176
-185
-190
-180
-178
-211
-234
-255
-225
-198
-194
-184
-198
-234
-305
-335
-338
-333
-357
-342
-342
-345
-347
-331
-334
-336
-346
-348
-414
-516
-592
-540
-181
330
802
1033
1068
720
398
-61
-418
-447
-406
-358
-345
-315
-311
-315
-302
-298
-308
-280
-269
-273
-282
-248
-245
-253
-247
-239
-230
-213
-209
-204
-193
-193
-178
-149
-153
-116
-118
-88
-77
-41
-19
7
17
68
80
108
139
145
163
159
170
163
164
138
126
102
54
-4
-56
-88
-118
-157
-191
-207
-233
-271
-276
-266
-282
-264
-267
-276
-283
-279
-283
-273
-285
-273
-274
-278
-271
-264
-270
-271
-281
-272
-273
-274
-277
-267
-287
-296
-307
-284
-294
-302
-298
-310
-287
-299
-299
-303
-305
-309
-313
-306
-315
-311
-322
-309
-294
-308
-310
-306
-305
-327
-323
-298
-296
-308
-309
-307
-315
-292
-322
-304
-316
-311
-324
-319
-321
-315
-314
-316
-327
-322
-321
-315
-343
-322
-314
-296
-275
-231
-210
-192
-202
-201
-189
-190
-205
-255
-268
-267
-223
-204
-214
-226
-251
-330
-349
-362
-363
-350
-369
-355
-361
-355
-343
-352
-369
-350
-365
-393
-519
-584
-589
-336
185
710
1020
1158
809
496
45
-344
-460
-442
-389
-366
-327
-313
-300
-289
-327
-295
-294
-274
-276
-280
-273
-251
-269
-265
-244
-245
-239
-212
-219
-215
-206
-199
-191
-177
-153
-145
-121
-79
-74
-53
-34
26
27
80
59
119
115
136
137
165
158
151
136
119
74
33
5
-64
-94
-123
-162
-184
-218
-234
-269
-260
-287
-297
-295
-298
-278
-298
-295
-294
-294
-301
-302
-300
-310
-307
-317
-304
-297
-305
-293
-301
-306
-315
-318
-311
-319
-313
-316
-326
-301
-311
-334
-335
-336
-328
-332
-329
-333
-311
-332
-323
-327
-335
-332
-327
-326
-338
-326
-343
-327
-342
-332
-343
-336
-352
-354
-342
-365
-343
-338
-358
-340
-341
-371
-357
-339
-350
-375
-369
-360
-350
-343
-350
-322
-317
-292
-278
-232
-227
-236
-245
-215
-224
-272
-259
-271
-228
-238
-233
-235
-271
-350
-391
-384
-388
-376
-376
-395
-369
-355
-384
-379
-386
-383
-380
-403
-518
-584
-580
-427
49
574
917
1046
768
472
53
-340
-494
-529
-439
-408
-367
-345
-315
-326
-310
-303
-309
-309
-309
-293
-301
-271
-265
-273
-252
-258
-257
-239
-234
-226
-218
-203
-197
-176
-138
-149
-127
-108
-87
-57
-27
-17
16
56
66
59
104
111
122
132
123
117
115
89
56
21
-10
-57
-114
-134
-175
-204
-233
-255
-253
-271
-282
-274
-303
-294
-289
-302
-288
-293
-309
-280
-302
-292
-294
-282
-300
-279
-286
-298
-280
-303
-299
-287
-296
-295
-297
-284
-299
-303
-325
-298
-295
-307
-295
-320
-321
-315
-307
-320
-312
-321
-322
-329
-322
-318
-329
-322
-329
-324
-331
-319
-328
-336
-338
-334
-337
-335
-302
-326
-335
-327
-335
-318
-332
-336
-331
-313
-341
-337
-324
-328
-317
-290
-285
-280
-226
-177
-217
-225
-205
-226
-269
-259
-275
-239
-211
-230
-244
-265
-325
-370
-388
-369
-354
-369
-364
-351
-367
-367
-366
-368
-377
-368
-386
-472
-562
-589
-507
-109
381
785
978
878
549
197
-255
-519
-526
-447
-404
-380
-339
-338
-328
-337
-326
-319
-292
-302
-308
-307
-296
-282
-280
-259
-254
-262
-260
-247
-244
-246
-231
-225
-199
-169
-178
-148
-130
-113
-82
-57
-23
-1
26
50
80
98
98
124
131
131
98
75
87
46
17
-30
-62
-104
-141
-191
-197
-241
-258
-283
-292
-300
-308
-313
-307
-310
-306
-311
-310
-290
-299
-298
-323
-280
-301
-300
-322
-289
-292
-288
-289
-285
-294
-299
-307
-307
-308
-320
-299
-314
-310
-307
-318
-321
-321
-329
-327
-328
-341
-335
-333
-332
-349
-339
-338
-345
-337
-346
-346
-340
-359
-345
-353
-348
-349
-351
-342
-351
-351
-355
-350
-353
-349
-342
-348
-342
-360
-348
-358
-357
-348
-344
-350
-358
-321
-326
-303
-289
-266
-221
-213
-234
-226
-215
-223
-278
-278
-275
-227
-230
-238
-246
-237
-334
-369
-398
-394
-381
-381
-391
-387
-376
-375
-371
-366
-389
-383
-415
-528
-609
-606
-439
39
565
919
1079
824
525
112
-281
-473
-460
-420
-397
-365
-339
-343
-343
-334
-346
-332
-322
-319
-308
-308
-291
-285
-285
-273
-274
-273
-268
-256
-240
-237
-232
-224
-218
-192
-187
-160
-138
-117
-92
-72
-48
-15
4
32
54
75
92
98
98
98
101
81
74
49
10
-42
-82
-120
-150
-195
-226
-269
-280
-286
-303
-322
-304
-329
-322
-323
-336
-322
-324
-335
-322
-329
-321
-322
-326
-322
-319
-321
-350
-340
-317
-316
-337
-323
-328
-344
-328
-328
-338
-337
-353
-336
-346
-361
-350
-345
-359
-349
-357
-348
-352
-353
-342
-360
-386
-353
-356
-381
-361
-360
-362
-357
-346
-355
-351
-343
-355
-351
-350
-363
-362
-359
-362
-369
-351
-363
-369
-365
-371
-355
-357
-356
-363
-372
-323
-318
-284
-268
-233
-223
-218
-245
-220
-245
-279
-300
-301
-259
-233
-267
-241
-260
-331
-393
-398
-393
-403
-420
-403
-397
-411
-392
-384
-395
-401
-410
-415
-491
-587
-654
-551
-163
386
826
1015
1008
644
302
-195
-500
-522
-458
-425
-405
-372
-358
-361
-355
-349
-346
-342
-321
-327
-323
-311
-304
-294
-291
-280
-268
-281
-284
-271
-266
-234
-231
-214
-192
-184
-171
-153
-131
-109
-80
-38
-16
4
30
63
67
81
95
98
99
100
122
63
73
12
-20
-68
-129
-154
-195
-226
-263
-291
-291
-310
-320
-324
-347
-358
-346
-351
-340
-371
-341
-343
-347
-355
-347
-338
-339
-326
-342
-330
-336
-351
-335
-347
-349
-323
-333
-333
-339
-334
-333
-353
-367
-353
-348
-343
-344
-366
-347
-345
-359
-356
-358
-362
-359
-362
-366
-375
-372
-372
-360
-365
-361
-383
-358
-362
-366
-389
-369
-363
-345
-368
-360
-365
-367
-374
-371
-368
-383
-373
-363
-362
-345
-349
-357
-358
-362
-342
-295
-270
-258
-240
-251
-253
-236
-235
-260
-297
-308
-294
-270
-242
-252
-266
-319
-387
-381
-388
-410
-409
-396
-402
-403
-401
-395
-402
-394
-386
-396
-432
-561
-604
-613
-439
75
594
915
1058
706
413
-33
-418
-553
-551
-475
-440
-387
-359
-362
-352
-349
-352
-345
-332
-336
-334
-331
-324
-311
-297
-303
-314
-281
-277
-280
-276
-245
-244
-222
-210
-204
-186
-177
-139
-112
-97
-81
-42
-20
2
28
64
72
94
103
82
103
90
76
50
17
-32
-73
-111
-150
-175
-214
-262
-282
-298
-311
-309
-334
-350
-351
-352
-361
-366
-356
-326
-339
-346
-342
-346
-345
-342
-346
-330
-347
-354
-346
-349
-354
-345
-346
-339
-350
-358
-356
-357
-363
-349
-348
-363
-361
-355
-362
-358
-366
-377
-376
-360
-358
-356
-366
-358
-380
-357
-362
-385
-370
-369
-380
-367
-371
-373
-394
-391
-376
-364
-381
-376
-377
-390
-374
-377
-386
-382
-380
-382
-359
-323
-312
-250
-260
-272
-277
-271
-276
-316
-320
-349
-292
-297
-284
-292
-299
-393
-415
-424
-423
-424
-431
-438
-434
-421
-420
-433
-431
-435
-431
-457
-566
-647
-663
-500
-50
448
801
945
701
386
0
-395
-569
-569
-506
-449
-424
-385
-399
-396
-393
-390
-375
-376
-376
-356
-350
-354
-340
-334
-330
-335
-323
-342
-319
-315
-317
-282
-267
-256
-247
-231
-194
-195
-170
-140
-101
-77
-70
-46
-12
-12
20
24
32
56
30
51
41
19
-16
-55
-102
-143
-191
-219
-254
-284
-314
-327
-350
-355
-389
-385
-384
-384
-387
-389
-394
-398
-400
-382
-381
-383
-400
-390
-387
-385
-384
-389
-378
-389
-395
-399
-384
-388
-396
-388
-391
-399
-397
-396
-396
-400
-399
-402
-397
-403
-414
-408
-406
-416
-393
-406
-420
-411
-403
-409
-411
-415
-412
-407
-404
-405
-401
-414
-401
-410
-424
-393
-397
-409
-409
-406
-416
-418
-425
-416
-413
-425
-408
-413
-405
-409
-383
-360
-333
-308
-267
-302
-289
-281
-289
-320
-342
-349
-330
-292
-308
-311
-327
-363
-442
-459
-462
-454
-451
-446
-450
-465
-441
-449
-448
-450
-455
-482
-533
-648
-690
-619
-236
302
730
933
912
552
202
-266
-579
-589
-541
-482
-469
-432
-430
-411
-430
-416
-417
-411
-403
-403
-396
-393
-392
-380
-377
-380
-364
-348
-335
-336
-335
-313
-298
-285
-282
-255
-232
-223
-197
-183
-138
-122
-96
-74
-45
-28
-12
-3
25
41
32
19
33
3
-21
-60
-96
-150
-190
-213
-263
-288
-326
-344
-377
-381
-413
-403
-392
-407
-410
-411
-404
-405
-409
-397
-419
-406
-399
-407
-412
-397
-396
-392
-391
-414
-392
-400
-399
-406
-400
-388
-413
-406
-403
-407
-421
-414
-428
-415
-430
-425
-431
-411
-420
-427
-427
-434
-437
-425
-423
-419
-429
-422
-433
-426
-418
-430
-425
-415
-416
-413
-415
-418
-424
-409
-422
-424
-415
-411
-419
-433
-419
-422
-419
-418
-413
-424
-418
-418
-412
-407
-409
-375
-340
-331
-280
-301
-293
-302
-290
-316
-352
-361
-373
-313
-296
-304
-307
-316
-388
-449
-446
-460
-456
-458
-443
-458
-442
-464
-459
-450
-437
-458
-485
-564
-686
-694
-582
-108
454
825
1014
876
519
164
-303
-536
-547
-493
-478
-445
-397
-411
-417
-409
-384
-377
-389
-379
-380
-365
-373
-356
-362
-327
-335
-346
-329
-340
-321
-298
-287
-279
-260
-256
-223
-208
-182
-176
-142
-102
-101
-62
-33
-23
22
29
58
54
64
62
62
58
42
19
-42
-83
-122
-171
-198
-239
-264
-288
-322
-341
-342
-347
-358
-353
-373
-364
-370
-371
-373
-367
-374
-371
-382
-378
-359
-361
-380
-361
-371
-367
-352
-381
-363
-356
-359
-381
-380
-374
-380
-382
-377
-364
-377
-380
-373
-385
-381
-383
-389
-382
-384
-382
-371
-381
-383
-382
-372
-378
-391
-377
-376
-370
-395
-374
-372
-382
-378
-397
-379
-383
-399
-383
-391
-369
-390
-404
-400
-386
-395
-371
-390
-386
-388
-365
-343
-323
-297
-279
-243
-262
-286
-256
-245
-301
-314
-327
-296
-252
-264
-254
-275
-359
-409
-414
-431
-418
-416
-429
-425
-407
-393
-395
-407
-409
-417
-410
-458
-573
-621
-610
-305
184
700
953
971
604
300
-191
-530
-577
-578
-485
-463
-421
-392
-374
-385
-357
-341
-366
-340
-325
-348
-340
-317
-318
-316
-291
-295
-311
-292
-282
-267
-239
-254
-228
-199
-201
-181
-155
-113
-133
-81
-43
-23
-12
22
42
62
78
73
79
94
76
68
77
60
16
-40
-89
-111
-143
-177
-242
-266
-263
-319
-310
-325
-318
-317
-320
-344
-333
-343
-331
-330
-347
-344
-332
-352
-345
-333
-338
-330
-343
-362
-345
-331
-324
-336
-351
-352
-336
-343
-344
-342
-336
-361
-348
-354
-345
-363
-364
-353
-355
-348
-348
-351
-372
-351
-362
-351
-364
-359
-369
-368
-355
-357
-345
-369
-363
-383
-378
-386
-370
-365
-395
-378
-367
-364
-370
-370
-374
-368
-371
-359
-324
-306
-254
-238
-263
-240
-250
-277
-281
-306
-334
-296
-259
-255
-277
-271
-332
-389
-393
-407
-404
-397
-416
-400
-401
-416
-410
-398
-397
-410
-417
-495
-590
-622
-561
-190
312
726
929
878
525
182
-266
-552
-561
-525
-466
-415
-372
-374
-352
-359
-370
-352
-340
-334
-327
-324
-336
-336
-321
-308
-308
-298
-278
-283
-264
-270
-250
-230
-215
-187
-188
-168
-135
-114
-95
-90
-45
-26
8
27
53
73
81
94
85
103
106
90
71
53
4
-37
-79
-122
-173
-198
-237
-254
-273
-288
-310
-326
-308
-346
-336
-340
-329
-339
-335
-327
-352
-345
-332
-328
-335
-337
-318
-338
-328
-328
-318
-304
-324
-337
-334
-342
-336
-336
-334
-349
-333
-331
-343
-335
-340
-339
-348
-343
-347
-353
-343
-345
-357
-359
-354
-352
-355
-367
-360
-368
-350
-337
-346
-357
-346
-367
-341
-354
-360
-359
-359
-358
-352
-359
-363
-363
-375
-377
-368
-352
-340
-314
-290
-281
-230
-252
-253
-235
-227
-257
-290
-300
-292
-249
-251
-250
-262
-301
-388
-413
-405
-408
-414
-426
-409
-410
-405
-421
-409
-409
-404
-412
-455
-570
-645
-644
-415
119
603
925
1047
695
392
-40
-410
-539
-525
-473
-449
-408
-398
-382
-372
-383
-369
-370
-356
-357
-334
-348
-335
-330
-332
-312
-328
-314
-298
-291
-287
-285
-269
-264
-236
-231
-193
-164
-155
-131
-96
-84
-50
-21
2
22
41
50
63
86
91
61
80
80
47
1
-37
-74
-130
-168
-194
-227
-269
-303
-322
-321
-329
-355
-365
-355
-351
-348
-369
-352
-359
-352
-354
-339
-341
-364
-347
-363
-349
-346
-357
-356
-347
-361
-347
-369
-363
-355
-345
-360
-362
-356
-361
-344
-366
-369
-368
-372
-383
-381
-370
-368
-368
-375
-379
-389
-389
-385
-385
-380
-361
-383
-394
-397
-386
-384
-383
-383
-374
-383
-387
-391
-375
-379
-397
-388
-364
-387
-391
-368
-396
-386
-361
-325
-300
-271
-236
-253
-262
-257
-261
-307
-317
-324
-308
-267
-292
-287
-284
-336
-416
-427
-442
-431
-439
-437
-430
-433
-431
-438
-412
-423
-446
-457
-506
-610
-668
-631
-287
256
741
963
982
627
290
-192
-545
-570
-498
-464
-457
-398
-391
-395
-396
-384
-373
-374
-356
-368
-355
-351
-349
-344
-327
-344
-321
-313
-310
-315
-285
-269
-257
-245
-239
-222
-197
-173
-149
-124
-86
-69
-50
-16
20
43
35
75
75
58
83
79
86
65
35
-22
-49
-95
-136
-190
-220
-264
-286
-298
-319
-341
-363
-355
-357
-389
-376
-369
-370
-390
-378
-365
-373
-369
-375
-364
-379
-371
-372
-366
-366
-386
-366
-370
-359
-377
-371
-377
-370
-376
-381
-392
-395
-381
-391
-395
-396
-397
-404
-391
-383
-409
-419
-402
-407
-399
-406
-400
-405
-396
-408
-405
-405
-425
-403
-421
-427
-390
-407
-418
-427
-417
-420
-416
-414
-410
-416
-417
-399
-425
-417
-413
-412
-413
-399
-389
-352
-328
-301
-279
-272
-285
-280
-284
-333
-335
-354
-339
-311
-292
-314
-318
-375
-449
-458
-447
-452
-459
-444
-454
-447
-464
-459
-457
-434
-449
-463
-504
-623
-688
-671
-399
144
628
910
1001
627
322
-146
-536
-609
-561
-508
-472
-442
-424
-411
-413
-409
-402
-391
-394
-384
-363
-390
-373
-370
-367
-348
-344
-339
-312
-321
-314
-304
-283
-267
-259
-231
-217
-200
-165
-131
-120
-91
-53
-24
-16
18
18
47
63
67
79
88
59
54
26
-11
-56
-120
-137
-174
-229
-252
-284
-327
-330
-349
-352
-374
-368
-371
-365
-355
-389
-378
-369
-386
-374
-372
-365
-380
-368
-371
-367
-368
-370
-362
-378
-363
-338
-362
-356
-355
-363
-362
-370
-372
-391
-378
-379
-386
-389
-410
-408
-375
-384
-378
-386
-381
-372
-396
-394
-414
-385
-388
-397
-400
-389
-402
-384
-398
-396
-398
-391
-385
-404
-394
-392
-389
-385
-401
-409
-399
-409
-389
-385
-364
-330
-307
-274
-300
-307
-281
-275
-318
-316
-352
-314
-293
-299
-307
-323
-364
-432
-434
-433
-451
-447
-445
-420
-427
-426
-428
-418
-424
-439
-447
-471
-574
-661
-641
-424
77
564
855
934
571
289
-164
-507
-577
-563
-496
-472
-418
-398
-408
-379
-381
-391
-384
-374
-360
-362
-348
-358
-357
-340
-349
-331
-314
-310
-296
-297
-263
-270
-258
-234
-224
-211
-186
-164
-140
-107
-84
-55
-39
-10
19
25
61
47
56
77
64
62
50
27
-16
-57
-102
-145
-186
-221
-250
-293
-320
-320
-337
-342
-367
-363
-352
-361
-373
-357
-362
-374
-349
-353
-358
-361
-345
-363
-365
-363
-367
-358
-365
-359
-350
-370
-376
-364
-356
-349
-367
-365
-355
-370
-365
-373
-363
-373
-377
-389
-384
-367
-384
-368
-371
-385
-375
-376
-363
-383
-376
-389
-389
-379
-385
-370
-376
-384
-377
-371
-385
-395
-392
-389
-382
-400
-388
-373
-374
-376
-380
-375
-392
-364
-354
-325
-304
-268
-241
-256
-254
-249
-266
-316
-319
-322
-293
-283
-265
-281
-283
-339
-394
-423
-418
-413
-418
-423
-421
-422
-410
-423
-425
-420
-418
-443
-485
-590
-643
-636
-273
217
711
919
927
596
296
-174
-507
-529
-497
-444
-431
-386
-381
-379
-383
-373
-366
-369
-357
-353
-356
-349
-352
-337
-339
-314
-326
-313
-297
-295
-273
-274
-258
-255
-229
-200
-184
-167
-145
-121
-100
-70
-44
-23
13
29
57
72
83
81
93
97
82
74
36
1
-55
-85
-123
-179
-202
-235
-249
-299
-299
-302
-321
-331
-337
-356
-344
-337
-339
-334
-338
-340
-345
-341
-337
-327
-345
-331
-333
-331
-344
-345
-342
-346
-336
-333
-344
-351
-338
-348
-344
-337
-342
-356
-349
-353
-361
-352
-354
-356
-360
-356
-364
-346
-354
-366
-353
-346
-356
-365
-349
-374
-363
-362
-363
-368
-379
-371
-388
-389
-367
-374
-382
-372
-381
-373
-383
-380
-368
-367
-374
-367
-374
-378
-372
-383
-366
-376
-351
-363
-344
-348
-307
-290
-243
-256
-252
-252
-232
-262
-303
-312
-310
-268
-234
-259
-252
-267
-361
-400
-402
-391
-396
-383
-407
-395
-389
-408
-385
-393
-402
-397
-411
-474
-564
-620
-585
-231
302
780
984
1016
664
334
-140
-478
-501
-455
-419
-400
-363
-340
-350
-342
-338
-325
-323
-327
-306
-318
-306
-287
-292
-293
-281
-274
-277
-266
-244
-250
-218
-206
-179
-183
-162
-135
-123
-93
-75
-47
-33
1
30
52
87
58
124
134
126
147
137
137
109
87
55
12
-24
-75
-100
-146
-178
-203
-226
-240
-260
-273
-275
-276
-292
-286
-282
-289
-285
-296
-286
-283
-296
-275
-276
-296
-275
-291
-276
-285
-267
-286
-287
-282
-292
-273
-279
-288
-287
-289
-288
-298
-307
-296
-303
-281
-313
-309
-300
-294
-309
-300
-308
-304
-300
-305
-295
-311
-313
-321
-321
-292
-306
-308
-293
-301
-306
-317
-321
-290
-311
-316
-316
-298
-308
-312
-287
-310
-309
-296
-329
-298
-308
-309
-310
-313
-309
-323
-315
-315
-293
-305
-290
-256
-240
-211
-163
-195
-177
-185
-180
-191
-236
-239
-234
-196
-179
-192
-185
-220
-314
-318
-327
-331
-323
-332
-330
-310
-322
-328
-334
-320
-343
-315
-346
-403
-511
-570
-529
-193
341
844
1071
1142
796
458
-7
-393
-430
-383
-361
-317
-278
-261
-264
-262
-273
-247
-248
-253
-234
-241
-230
-207
-226
-224
-219
-202
-187
-179
-183
-151
-141
-154
-137
-118
-102
-79
-54
-30
11
6
38
66
94
117
148
165
176
191
197
203
199
202
184
174
140
96
59
-1
-43
-60
-120
-147
-157
-195
-214
-210
-213
-236
-228
-229
-228
-225
-219
-205
-234
-213
-242
-229
-224
-217
-215
-230
-232
-197
-234
-233
-233
-219
-237
-238
-236
-252
-260
-240
-250
-246
-248
-258
-260
-242
-247
-253
-261
-260
-257
-253
-253
-272
-263
-252
-248
-272
-253
-273
-249
-256
-246
-261
-250
-259
-260
-263
-280
-271
-251
-253
-249
-271
-265
-267
-252
-269
-260
-277
-251
-254
-277
-257
-266
-243
-240
-240
-211
-186
-149
-150
-131
-155
-147
-116
-177
-200
-224
-193
-155
-144
-140
-168
-234
-280
-286
-310
-309
-300
-290
-307
-309
-312
-312
-298
-308
-294
-298
-315
-426
-494
-525
-364
103
612
950
1097
832
521
134
-274
-441
-470
-387
-366
-313
-252
-245
-240
-258
-277
-230
-235
-232
-230
-229
-226
-205
-225
-199
-210
-176
-165
-183
-163
-154
-124
-134
-108
-105
-78
-65
-26
5
10
43
62
95
110
128
159
187
165
180
203
201
192
195
175
149
103
42
12
-30
-65
-120
-145
-187
-185
-203
-209
-219
-233
-221
-248
-229
-226
-232
-227
-233
-230
-237
-235
-225
-233
-238
-241
-250
-236
-238
-254
-231
-240
-233
-253
-243
-251
-254
-251
-257
-258
-244
-249
-253
-286
-263
-248
-247
-268
-256
-255
-264
-265
-252
-271
-257
-257
-259
-274
-249
-252
-270
-260
-268
-258
-266
-259
-257
-273
-262
-275
-284
-258
-264
-240
-263
-270
-267
-266
-278
-257
-250
-224
-199
-187
-147
-158
-166
-149
-130
-181
-181
-209
-199
-147
-146
-143
-180
-200
-263
-284
-310
-297
-310
-301
-293
-288
-315
-311
-295
-317
-312
-302
-343
-419
-503
-504
-365
120
642
960
1088
831
524
137
-258
-403
-426
-374
-330
-305
-266
-267
-284
-265
-245
-245
-241
-234
-246
-233
-220
-219
-213
-214
-206
-187
-201
-170
-177
-177
-144
-130
-128
-120
-98
-86
-60
-34
-5
23
31
64
106
105
141
154
179
169
184
190
180
163
145
105
69
30
-23
-56
-88
-127
-157
-183
-206
-231
-238
-247
-268
-266
-253
-241
-282
-270
-265
-273
-266
-270
-253
-285
-277
-264
-266
-260
-264
-272
-256
-256
-267
-291
-280
-260
-267
-257
-284
-281
-281
-274
-286
-260
-271
-289
-278
-279
-295
-300
-300
-286
-298
-291
-288
-286
-284
-310
-285
-296
-299
-298
-301
-304
-314
-311
-293
-313
-304
-315
-317
-312
-312
-308
-294
-300
-313
-316
-313
-316
-305
-316
-315
-314
-325
-309
-303
-311
-314
-301
-318
-306
-274
-255
-246
-202
-173
-214
-190
-197
-200
-233
-251
-256
-241
-188
-200
-199
-221
-261
-354
-343
-352
-364
-360
-356
-350
-353
-355
-349
-357
-336
-345
-374
-407
-529
-583
-562
-242
291
778
1013
1057
739
403
-47
-411
-474
-425
-371
-384
-319
-320
-314
-309
-315
-316
-304
-295
-295
-306
-275
-268
-276
-253
-243
-258
-247
-232
-228
-228
-217
-188
-183
-171
-154
-116
-133
-96
-63
-42
-11
0
31
51
79
97
112
124
134
150
146
110
109
94
60
14
-31
-62
-117
-156
-183
-219
-236
-259
-284
-298
-300
-297
-304
-310
-316
-290
-296
-312
-300
-297
-303
-311
-296
-324
-288
-294
-306
-313
-312
-311
-303
-314
-306
-308
-315
-322
-314
-315
-313
-322
-322
-319
-307
-320
-329
-321
-336
-343
-349
-320
-330
-339
-352
-326
-326
-335
-330
-327
-340
-345
-335
-342
-332
-347
-331
-338
-339
-346
-342
-340
-339
-342
-349
-350
-327
-336
-341
-331
-335
-367
-349
-341
-356
-353
-341
-347
-351
-340
-339
-340
-344
-342
-337
-326
-351
-307
-269
-276
-235
-205
-236
-219
-227
-227
-257
-281
-295
-268
-211
-231
-235
-227
-318
-372
-361
-396
-392
-364
-382
-396
-370
-375
-388
-380
-376
-375
-389
-421
-539
-625
-619
-404
97
660
966
1109
817
489
66
-307
-460
-466
-431
-402
-352
-332
-339
-336
-338
-318
-326
-311
-302
-321
-301
-293
-286
-281
-282
-281
-267
-276
-256
-232
-218
-194
-214
-186
-157
-152
-130
-126
-79
-63
-44
-12
21
26
66
92
102
122
128
125
129
139
127
92
77
26
-2
-61
-104
-138
-192
-240
-230
-255
-288
-308
-300
-295
-317
-312
-301
-300
-316
-316
-323
-310
-309
-300
-315
-294
-315
-302
-302
-308
-298
-307
-311
-311
-293
-294
-315
-326
-320
-306
-316
-324
-321
-317
-321
-323
-344
-352
-322
-333
-339
-334
-345
-340
-337
-345
-335
-333
-331
-350
-337
-330
-333
-341
-338
-350
-343
-351
-314
-347
-356
-347
-335
-350
-347
-354
-371
-345
-345
-347
-333
-332
-329
-353
-331
-343
-325
-348
-352
-339
-322
-313
-293
-266
-257
-212
-208
-221
-210
-198
-229
-245
-283
-276
-219
-223
-240
-233
-246
-331
-349
-355
-382
-374
-370
-351
-348
-351
-363
-350
-363
-362
-343
-377
-444
-553
-595
-524
-140
366
791
980
930
580
248
-220
-519
-546
-471
-415
-393
-341
-323
-329
-328
-307
-306
-293
-291
-300
-280
-284
-263
-266
-282
-255
-244
-247
-236
-221
-202
-218
-186
-159
-160
-165
-133
-100
-87
-48
-48
-1
-2
44
65
78
101
118
127
115
141
119
127
97
86
26
-8
-40
-83
-131
-174
-206
-220
-245
-271
-269
-309
-294
-298
-317
-321
-315
-314
-313
-313
-302
-303
-298
-300
-307
-312
-316
-313
-305
-314
-302
-292
-314
-305
-313
-299
-294
-306
-328
-315
-306
-314
-336
-335
-314
-328
-348
-323
-319
-337
-333
-331
-344
-341
-326
-337
-336
-351
-337
-331
-334
-325
-338
-341
-328
-350
-342
-332
-348
-338
-349
-338
-326
-342
-354
-347
-355
-352
-341
-334
-337
-335
-334
-306
-263
-255
-212
-218
-236
-215
-204
-226
-266
-295
-271
-239
-233
-243
-251
-259
-346
-376
-365
-379
-381
-364
-372
-379
-385
-389
-376
-369
-363
-384
-390
-485
-579
-588
-491
-68
445
800
964
838
515
153
-278
-506
-518
-446
-428
-384
-332
-341
-329
-327
-318
-328
-309
-308
-320
-299
-296
-293
-277
-284
-269
-258
-259
-254
-239
-230
-213
-200
-200
-185
-167
-167
-130
-99
-90
-63
-18
22
33
54
70
76
90
106
111
116
122
85
100
58
8
-34
-85
-121
-165
-201
-227
-245
-268
-286
-304
-308
-330
-325
-320
-331
-321
-315
-334
-326
-322
-330
-315
-310
-324
-332
-313
-315
-316
-315
-322
-317
-321
-337
-330
-315
-326
-325
-334
-326
-315
-337
-340
-326
-341
-338
-344
-338
-336
-315
-332
-350
-344
-358
-341
-344
-350
-352
-352
-333
-336
-366
-362
-338
-375
-360
-341
-354
-350
-344
-345
-353
-360
-365
-351
-356
-370
-349
-355
-354
-354
-375
-342
-367
-370
-356
-336
-309
-307
-271
-269
-217
-224
-244
-237
-231
-267
-284
-296
-264
-247
-250
-251
-262
-325
-388
-389
-400
-401
-390
-394
-398
-384
-392
-395
-387
-389
-403
-410
-463
-578
-618
-593
-236
268
746
951
992
642
321
-139
-486
-512
-465
-437
-399
-355
-354
-368
-356
-359
-341
-356
-343
-331
-335
-328
-319
-309
-317
-315
-305
-294
-287
-274
-259
-258
-238
-227
-206
-195
-176
-161
-152
-112
-100
-77
-47
-19
-12
21
51
61
78
84
84
94
82
58
40
-10
-43
-79
-155
-174
-202
-234
-274
-291
-300
-330
-350
-342
-353
-351
-357
-354
-362
-360
-351
-350
-369
-362
-363
-340
-351
-372
-352
-361
-363
-360
-355
-360
-351
-369
-362
-369
-363
-382
-359
-364
-379
-379
-375
-383
-391
-385
-393
-390
-392
-394
-389
-395
-395
-390
-394
-388
-390
-401
-385
-387
-408
-401
-398
-397
-391
-391
-394
-387
-401
-395
-388
-378
-395
-395
-388
-395
-397
-393
-396
-383
-393
-380
-403
-399
-389
-397
-382
-356
-355
-307
-305
-266
-248
-273
-268
-255
-281
-319
-321
-336
-298
-291
-261
-274
-310
-368
-423
-427
-425
-420
-429
-426
-438
-422
-413
-436
-411
-426
-410
-438
-509
-616
-651
-541
-143
407
822
996
946
592
232
-237
-535
-521
-458
-442
-425
-379
-376
-376
-370
-369
-365
-367
-355
-345
-355
-349
-325
-341
-318
-306
-305
-312
-307
-296
-300
-275
-243
-237
-217
-213
-191
-193
-143
-115
-93
-67
-35
-17
5
34
57
70
79
89
85
92
85
53
31
-2
-40
-103
-145
-176
-223
-246
-299
-310
-321
-332
-334
-346
-363
-383
-353
-385
-357
-370
-355
-379
-382
-372
-371
-362
-397
-365
-353
-353
-360
-376
-377
-381
-375
-368
-363
-375
-363
-367
-363
-375
-360
-373
-367
-363
-384
-375
-373
-379
-370
-393
-390
-391
-361
-391
-383
-400
-398
-400
-396
-397
-376
-368
-396
-399
-403
-388
-390
-405
-407
-394
-404
-401
-375
-384
-388
-414
-393
-383
-404
-382
-400
-389
-389
-378
-338
-326
-308
-275
-271
-278
-268
-273
-276
-332
-329
-337
-291
-269
-268
-287
-306
-363
-421
-402
-417
-418
-407
-414
-405
-429
-426
-419
-417
-431
-424
-441
-499
-604
-657
-625
-276
242
718
929
910
550
247
-246
-582
-597
-552
-475
-461
-401
-381
-412
-382
-378
-381
-365
-347
-362
-360
-353
-345
-333
-335
-300
-317
-314
-293
-283
-275
-275
-265
-247
-232
-200
-215
-190
-153
-132
-109
-90
-31
-20
-2
27
28
35
66
70
70
65
63
36
19
-24
-80
-115
-150
-183
-236
-267
-291
-307
-352
-350
-352
-358
-361
-393
-365
-378
-400
-368
-353
-360
-405
-383
-383
-379
-359
-375
-364
-374
-368
-372
-378
-378
-380
-382
-377
-370
-375
-363
-370
-376
-386
-388
-386
-386
-413
-373
-389
-391
-390
-388
-398
-391
-395
-410
-401
-384
-382
-385
-393
-397
-381
-394
-375
-381
-404
-423
-388
-390
-398
-402
-389
-395
-410
-402
-402
-391
-404
-404
-400
-383
-375
-334
-310
-273
-280
-276
-298
-260
-287
-323
-308
-354
-305
-285
-276
-302
-305
-381
-417
-422
-423
-437
-438
-439
-428
-437
-426
-403
-429
-415
-429
-463
-509
-615
-647
-590
-234
284
707
885
839
489
173
-272
-579
-603
-538
-486
-453
-409
-393
-399
-385
-396
-391
-381
-380
-370
-360
-364
-354
-335
-339
-341
-337
-323
-310
-309
-284
-280
-274
-254
-244
-201
-209
-183
-185
-137
-100
-94
-68
-35
-16
21
19
30
46
70
62
59
45
32
14
-53
-78
-124
-150
-212
-247
-288
-299
-317
-334
-350
-370
-369
-357
-374
-392
-382
-372
-383
-383
-387
-377
-374
-377
-371
-374
-365
-381
-379
-366
-361
-380
-372
-380
-369
-362
-370
-374
-383
-373
-372
-372
-385
-395
-378
-385
-395
-395
-390
-384
-392
-397
-410
-386
-393
-387
-394
-393
-384
-380
-398
-389
-410
-404
-394
-396
-401
-398
-410
-404
-402
-389
-404
-410
-394
-403
-395
-400
-409
-406
-397
-408
-396
-403
-377
-372
-346
-316
-283
-272
-281
-267
-264
-283
-339
-340
-338
-300
-274
-280
-280
-280
-361
-419
-431
-431
-431
-437
-431
-421
-417
-429
-426
-411
-422
-430
-443
-522
-639
-669
-573
-190
360
766
953
935
551
234
-229
-531
-525
-492
-447
-429
-398
-386
-385
-376
-384
-376
-380
-363
-338
-356
-355
-328
-321
-331
-318
-318
-301
-294
-298
-287
-262
-252
-239
-234
-202
-184
-176
-142
-125
-100
-69
-39
-16
9
26
33
57
57
82
90
73
72
60
30
-9
-69
-102
-124
-181
-216
-247
-277
-295
-319
-354
-342
-342
-342
-355
-350
-369
-356
-356
-347
-349
-341
-311
-286
-288
-287
-307
-278
-293
-283
-273
-287
-288
-296
-279
-271
-298
-293
-287
-286
-290
-294
-308
-306
-320
-324
-316
-302
-324
-322
-312
-318
-306
-325
-310
-301
-308
-315
-331
-314
-315
-321
-320
-314
-316
-323
-318
-322
-322
-315
-343
-320
-329
-314
-331
-319
-317
-327
-320
-329
-308
-321
-322
-319
-325
-317
-318
-324
-318
-284
-253
-237
-184
-206
-213
-178
-178
-224
-233
-255
-261
-191
-196
-226
-219
-246
-322
-355
-362
-377
-364
-363
-366
-363
-351
-357
-358
-366
-363
-351
-383
-475
-571
-583
-472
-27
523
899
1086
983
612
258
-217
-463
-461
-395
-381
-348
-314
-308
-295
-323
-312
-302
-274
-276
-281
-273
-301
-267
-271
-251
-236
-240
-233
-233
-218
-220
-198
-184
-161
-160
-148
-127
-99
-63
-45
-25
10
32
67
95
97
116
138
153
155
170
171
145
129
112
70
19
-24
-68
-100
-152
-181
-193
-233
-244
-259
-269
-276
-287
-278
-262
-280
-293
-276
-268
-273
-295
-273
-269
-274
-289
-266
-271
-283
-278
-285
-285
-283
-283
-284
-291
-281
-298
-292
-297
-278
-320
-306
-306
-304
-299
-311
-306
-305
-330
-323
-318
-313
-302
-318
-317
-307
-304
-301
-303
-318
-327
-314
-325
-314
-315
-330
-326
-309
-317
-298
-319
-333
-306
-314
-311
-305
-288
-330
-309
-320
-315
-287
-307
-309
-317
-314
-328
-319
-294
-282
-257
-232
-213
-173
-173
-187
-180
-171
-230
-248
-236
-244
-191
-181
-195
-199
-253
-322
-337
-338
-360
-338
-354
-344
-328
-359
-343
-343
-346
-342
-345
-362
-471
-562
-551
-437
21
543
894
1065
819
489
112
-285
-498
-539
-434
-392
-341
-316
-299
-325
-307
-285
-285
-285
-288
-284
-251
-232
-248
-256
-220
-235
-244
-222
-212
-211
-209
-175
-156
-144
-146
-127
-100
-80
-69
-37
-12
23
35
73
97
123
120
128
150
157
155
174
151
116
75
58
19
-23
-72
-126
-163
-161
-204
-222
-254
-262
-265
-261
-267
-283
-268
-262
-277
-272
-270
-254
-262
-256
-285
-271
-281
-254
-266
-276
-276
-269
-267
-259
-270
-252
-270
-273
-253
-279
-272
-273
-282
-275
-269
-287
-282
-270
-277
-282
-295
-269
-305
-283
-281
-277
-281
-297
-297
-267
-276
-298
-295
-297
-288
-281
-290
-296
-299
-274
-285
-298
-294
-294
-279
-282
-294
-282
-279
-289
-302
-289
-299
-295
-287
-292
-308
-289
-307
-297
-292
-264
-271
-220
-204
-181
-174
-188
-167
-146
-182
-216
-232
-214
-192
-172
-199
-198
-246
-290
-315
-321
-338
-322
-331
-324
-303
-324
-330
-309
-329
-335
-328
-347
-431
-533
-536
-424
2
536
889
1043
864
518
179
-230
-450
-483
-402
-370
-340
-310
-296
-294
-308
-293
-287
-269
-269
-271
-235
-229
-226
-251
-221
-233
-220
-207
-207
-209
-184
-173
-164
-144
-146
-119
-96
-92
-74
-45
-25
10
37
61
98
100
120
123
160
154
159
154
138
117
100
54
8
-44
-64
-106
-147
-187
-191
-223
-235
-252
-278
-287
-280
-274
-264
-281
-293
-273
-274
-279
-292
-298
-277
-275
-282
-273
-274
-286
-285
-278
-282
-284
-280
-287
-274
-261
-280
-287
-262
-285
-291
-297
-299
-302
-296
-301
-304
-318
-301
-306
-302
-321
-304
-308
-302
-322
-331
-310
-305
-317
-313
-319
-320
-313
-314
-326
-332
-308
-319
-328
-329
-323
-321
-329
-314
-308
-318
-327
-327
-327
-314
-327
-314
-311
-318
-317
-334
-323
-321
-312
-315
-265
-232
-220
-197
-202
-194
-193
-175
-211
-248
-249
-264
-191
-189
-206
-217
-240
-324
-349
-360
-358
-349
-349
-362
-333
-340
-342
-340
-338
-336
-351
-379
-478
-584
-573
-420
54
617
954
1087
870
551
166
-248
-451
-450
-394
-367
-335
-307
-313
-314
-306
-303
-281
-293
-284
-291
-265
-255
-269
-242
-246
-232
-232
-233
-225
-223
-198
-181
-170
-143
-139
-131
-86
-72
-66
-49
-15
27
45
70
96
110
123
140
152
161
158
148
144
115
94
60
14
-31
-73
-104
-137
-195
-210
-230
-233
-264
-274
-282
-271
-299
-281
-293
-291
-272
-279
-276
-277
-290
-269
-258
-274
-271
-271
-258
-282
-280
-271
-268
-274
-273
-289
-273
-281
-276
-286
-279
-284
-303
-289
-292
-293
-294
-302
-294
-300
-308
-295
-281
-314
-298
-280
-308
-329
-296
-294
-307
-312
-309
-298
-309
-309
-310
-310
-322
-303
-315
-308
-321
-302
-294
-320
-299
-297
-315
-321
-323
-289
-327
-308
-317
-301
-306
-298
-301
-302
-279
-271
-220
-219
-183
-158
-179
-168
-156
-173
-198
-214
-236
-212
-184
-183
-191
-195
-242
-304
-334
-340
-342
-303
-314
-328
-333
-325
-343
-327
-321
-322
-328
-378
-500
-561
-556
-278
238
773
1036
1164
832
491
58
-325
-428
-401
-353
-336
-294
-296
-280
-284
-266
-255
-261
-255
-247
-250
-242
-230
-234
-228
-211
-194
-217
-197
-180
-151
-169
-143
-144
-121
-99
-94
-79
-41
-27
5
30
60
78
112
139
134
166
173
184
199
210
222
178
152
142
100
57
4
-33
-84
-128
-139
-175
-195
-225
-229
-254
-273
-249
-262
-241
-250
-257
-243
-249
-245
-251
-245
-235
-247
-246
-240
-257
-241
-234
-270
-228
-239
-238
-239
-246
-232
-246
-243
-236
-253
-257
-261
-271
-255
-251
-274
-260
-262
-270
-266
-277
-269
-267
-260
-268
-262
-265
-275
-254
-270
-263
-257
-276
-255
-292
-239
-283
-280
-272
-272
-269
-275
-263
-278
-264
-265
-284
-260
-272
-281
-255
-276
-279
-269
-262
-238
-216
-192
-189
-132
-145
-158
-131
-139
-201
-211
-221
-180
-141
-166
-179
-174
-248
-301
-311
-293
-289
-304
-308
-299
-313
-305
-315
-313
-296
-320
-305
-373
-440
-515
-510
-211
247
765
1020
1065
675
390
-60
-412
-476
-462
-366
-344
-288
-252
-243
-249
-258
-227
-245
-216
-225
-227
-210
-200
-188
-180
-198
-176
-160
-158
-149
-144
-137
-120
-117
-94
-79
-55
-43
-16
21
48
53
110
118
149
173
189
197
197
224
218
224
224
223
175
146
114
53
3
-40
-59
-88
-126
-148
-170
-181
-207
-189
-197
-198
-194
-204
-210
-218
-209
-206
-207
-227
-208
-212
-212
-203
-189
-196
-209
-205
-206
-200
-205
-196
-206
-201
-188
-217
-202
-211
-206
-218
-223
-223
-215
-219
-213
-214
-225
-232
-224
-215
-224
-216
-229
-235
-216
-229
-230
-218
-216
-225
-222
-223
-213
-219
-233
-225
-226
-224
-209
-236
-229
-238
-228
-219
-212
-242
-211
-218
-207
-199
-176
-149
-93
-93
-106
-109
-82
-93
-143
-159
-171
-130
-98
-116
-122
-127
-199
-253
-258
-262
-271
-258
-261
-248
-266
-250
-240
-263
-246
-265
-263
-342
-453
-489
-399
5
488
913
1077
998
659
333
-114
-393
-406
-337
-286
-273
-218
-219
-232
-231
-212
-219
-199
-198
-192
-177
-187
-181
-181
-165
-170
-168
-140
-136
-125
-120
-112
-69
-74
-71
-34
-8
-2
20
52
52
92
127
150
177
185
199
214
227
248
224
239
229
209
171
161
95
69
19
-13
-64
-98
-122
-140
-175
-146
-164
-185
-189
-190
-212
-188
-193
-199
-198
-208
-193
-203
-212
-201
-191
-197
-196
-199
-204
-206
-202
-191
-197
-199
-197
-210
-192
-207
-204
-206
-218
-212
-236
-213
-219
-213
-219
-218
-226
-235
-231
-223
-227
-216
-217
-220
-215
-233
-240
-233
-228
-226
-236
-243
-225
-232
-231
-240
-232
-207
-226
-243
-237
-227
-218
-244
-245
-241
-229
-232
-225
-219
-185
-173
-160
-107
-108
-128
-98
-96
-143
-166
-193
-173
-116
-116
-127
-139
-143
-206
-256
-266
-271
-266
-268
-262
-272
-259
-262
-264
-260
-269
-262
-296
-377
-464
-500
-384
3
536
960
1130
1076
716
368
-88
-377
-383
-325
-274
-260
-240
-228
-230
-224
-221
-219
-220
-196
-184
-197
-179
-192
-186
-164
-179
-157
-150
-124
-143
-112
-116
-90
-86
-75
-52
-28
-18
4
37
54
71
105
126
169
182
209
217
228
253
232
234
233
219
187
138
79
56
9
-24
-71
-109
-122
-153
-162
-185
-185
-206
-202
-200
-207
-212
-219
-216
-217
-216
-206
-211
-210
-211
-220
-205
-204
-211
-198
-207
-191
-220
-207
-212
-195
-204
-207
-218
-205
-227
-225
-219
-230
-234
-235
-232
-221
-248
-224
-227
-224
-218
-232
-217
-228
-228
-229
-233
-233
-252
-241
-238
-238
-231
-242
-240
-246
-252
-239
-233
-225
-255
-239
-242
-240
-249
-246
-237
-242
-247
-243
-245
-254
-235
-227
-205
-189
-165
-137
-104
-130
-132
-108
-122
-167
-174
-180
-174
-124
-128
-139
-133
-191
-271
-284
-286
-284
-283
-287
-284
-272
-273
-291
-288
-284
-299
-302
-328
-436
-503
-509
-286
227
775
1083
1219
907
572
126
-238
-391
-383
-336
-303
-256
-233
-233
-249
-236
-220
-221
-232
-187
-199
-205
-192
-194
-192
-199
-175
-158
-170
-157
-150
-149
-116
-115
-90
-74
-71
-41
-8
3
26
82
79
123
142
172
172
214
210
235
224
253
238
237
205
152
121
82
22
1
-56
-71
-123
-149
-152
-192
-205
-196
-199
-217
-213
-210
-220
-203
-202
-209
-236
-228
-204
-193
-219
-203
-205
-200
-207
-214
-227
-229
-213
-195
-194
-234
-226
-208
-211
-219
-251
-222
-224
-237
-225
-218
-226
-235
-233
-225
-230
-229
-253
-237
-246
-234
-247
-238
-229
-254
-233
-236
-246
-237
-251
-247
-238
-247
-263
-244
-232
-240
-231
-232
-232
-260
-240
-261
-245
-247
-246
-273
-250
-247
-257
-252
-262
-258
-238
-222
-172
-185
-112
-109
-129
-126
-127
-130
-185
-186
-192
-132
-123
-133
-139
-166
-236
-280
-279
-284
-278
-275
-283
-282
-263
-272
-282
-287
-261
-282
-311
-353
-447
-480
-444
-90
421
880
1101
1097
741
401
-85
-404
-419
-406
-332
-277
-273
-253
-239
-206
-228
-213
-209
-186
-205
-199
-202
-190
-180
-168
-171
-165
-161
-149
-127
-116
-112
-103
-105
-94
-43
-43
-27
-1
19
56
86
102
125
140
151
193
192
224
215
227
231
204
215
173
128
100
58
1
-29
-50
-112
-142
-153
-162
-200
-188
-211
-212
-232
-227
-214
-212
-205
-222
-231
-214
-224
-209
-234
-215
-215
-226
-199
-234
-216
-224
-216
-211
-225
-200
-215
-208
-219
-218
-244
-233
-227
-236
-239
-251
-244
-229
-257
-238
-271
-249
-247
-232
-243
-253
-246
-231
-243
-236
-245
-242
-246
-253
-246
-243
-239
-236
-235
-240
-248
-239
-245
-246
-252
-231
-236
-243
-255
-254
-261
-200
-183
-169
-130
-125
-135
-123
-106
-125
-174
-184
-184
-144
-115
-141
-147
-158
-233
-275
-284
-281
-295
-275
-284
-284
-291
-271
-286
-286
-289
-292
-284
-326
-453
-494
-465
-195
296
777
1030
1037
688
393
-61
-394
-437
-407
-336
-295
-259
-225
-238
-239
-238
-221
-204
-199
-220
-198
-190
-205
-193
-181
-172
-171
-150
-156
-141
-143
-153
-109
-95
-84
-96
-46
-21
-1
8
38
65
95
122
142
148
180
208
204
223
207
199
192
180
154
118
75
39
-9
-56
-87
-112
-153
-176
-202
-198
-218
-234
-242
-235
-233
-218
-255
-237
-235
-241
-233
-239
-238
-221
-205
-233
-217
-231
-247
-224
-226
-234
-230
-226
-229
-208
-224
-214
-237
-217
-225
-217
-234
-242
-215
-249
-218
-232
-244
-241
-231
-241
-248
-250
-239
-245
-253
-245
-255
-249
-245
-225
-250
-247
-237
-253
-244
-254
-242
-244
-268
-240
-241
-233
-246
-247
-251
-246
-246
-244
-241
-264
-227
-238
-191
-162
-150
-115
-124
-127
-116
-130
-144
-163
-183
-158
-119
-125
-128
-139
-182
-241
-286
-268
-277
-291
-291
-285
-285
-295
-277
-282
-282
-272
-275
-310
-433
-488
-490
-286
198
743
1050
1166
853
544
121
-235
-384
-360
-331
-310
-247
-229
-237
-220
-237
-239
-223
-245
-208
-188
-205
-202
-194
-191
-179
-168
-158
-151
-144
-130
-120
-107
-92
-84
-58
-56
-37
-20
15
29
68
96
114
122
152
180
203
223
231
251
225
231
219
195
165
123
83
27
-4
-41
-92
-119
-155
-167
-173
-193
-209
-201
-209
-203
-212
-213
-218
-214
-220
-209
-209
-201
-208
-205
-216
-212
-205
-208
-209
-208
-205
-213
-220
-214
-227
-225
-230
-213
-218
-217
-238
-228
-221
-221
-226
-237
-232
-218
-228
-240
-233
-238
-232
-251
-251
-246
-241
-245
-240
-240
-239
-239
-244
-228
-244
-238
-226
-244
-240
-245
-225
-238
-246
-248
-239
-260
-238
-260
-247
-231
-245
-237
-234
-248
-238
-255
-244
-231
-228
-212
-200
-171
-173
-110
-108
-133
-102
-97
-115
-145
-164
-172
-153
-117
-119
-119
-133
-203
-272
-266
-275
-274
-266
-269
-267
-258
-253
-249
-252
-266
-270
-281
-309
-417
-509
-513
-248
242
795
1080
1237
930
590
153
-224
-358
-344
-302
-274
-231
-213
-231
-215
-206
-214
-204
-196
-183
-198
-172
-171
-166
-169
-156
-152
-144
-138
-130
-124
-91
-108
-74
-62
-53
-21
-10
15
22
58
90
112
154
165
196
208
235
248
256
261
261
236
253
232
191
153
116
60
35
-7
-63
-100
-110
-112
-150
-136
-161
-185
-195
-188
-188
-181
-202
-198
-181
-172
-190
-179
-183
-183
-179
-174
-153
-160
-180
-174
-182
-180
-195
-186
-173
-172
-193
-185
-190
-175
-198
-191
-189
-201
-191
-189
-181
-179
-180
-195
-186
-195
-222
-207
-206
-200
-205
-211
-214
-204
-205
-210
-188
-214
-219
-197
-203
-197
-200
-192
-204
-179
-197
-202
-194
-202
-210
-205
-223
-198
-187
-211
-218
-214
-223
-214
-208
-206
-195
-200
-215
-213
-202
-212
-201
-177
-139
-136
-113
-70
-112
-84
-83
-102
-118
-129
-139
-142
-79
-99
-117
-106
-156
-227
-226
-235
-243
-242
-228
-226
-251
-230
-233
-229
-231
-233
-236
-256
-320
-421
-439
-391
-4
542
967
1154
1122
745
416
-75
-389
-391
-334
-284
-263
-222
-186
-192
-196
-194
-183
-154
-156
-156
-140
-163
-133
-141
-124
-120
-125
-122
-106
-104
-83
-72
-84
-54
-65
-23
1
30
39
78
102
115
138
171
189
207
244
258
267
273
265
260
272
262
225
185
134
121
52
15
-6
-49
-96
-112
-133
-139
-146
-157
-170
-162
-164
-178
-174
-157
-167
-179
-144
-182
-178
-174
-188
-185
-172
-202
-163
-175
-180
-177
-184
-164
-187
-167
-168
-172
-173
-166
-182
-170
-176
-179
-184
-176
-190
-192
-172
-192
-178
-203
-192
-181
-184
-192
-193
-197
-169
-185
-177
-193
-190
-177
-190
-193
-175
-185
-190
-155
-194
-199
-174
-180
-185
-186
-164
-174
-182
-183
-191
-193
-176
-188
-196
-177
-175
-160
-138
-96
-93
-56
-55
-76
-67
-48
-76
-107
-115
-117
-74
-53
-71
-97
-115
-174
-199
-212
-208
-214
-226
-215
-206
-193
-225
-207
-217
-212
-212
-217
-317
-392
-424
-337
52
569
956
1128
1001
677
311
-123
-369
-398
-330
-273
-220
-191
-166
-185
-196
-175
-172
-169
-154
-153
-128
-133
-108
-111
-117
-93
-106
-105
-97
-76
-72
-62
-48
-23
-28
4
21
28
68
93
97
143
168
191
206
241
229
274
276
270
279
282
266
262
218
189
129
93
57
13
-31
-63
-85
-100
-127
-132
-146
-168
-175
-151
-171
-156
-153
-158
-168
-161
-176
-175
-175
-170
-172
-175
-177
-174
-177
-171
-170
-162
-163
-174
-178
-182
-188
-179
-182
-197
-174
-166
-185
-180
-181
-186
-197
-169
-192
-192
-191
-190
-184
-197
-203
-173
-183
-194
-185
-191
-203
-195
-186
-192
-191
-200
-191
-195
-214
-217
-194
-194
-205
-204
-210
-191
-181
-205
-214
-195
-190
-202
-201
-204
-203
-199
-213
-205
-202
-177
-156
-151
-118
-88
-61
-86
-82
-83
-96
-120
-132
-157
-93
-85
-96
-103
-92
-166
-228
-238
-225
-252
-219
-237
-220
-227
-238
-231
-221
-213
-226
-236
-282
-406
-463
-433
-108
423
890
1123
1182
828
523
78
-291
-339
-278
-260
-240
-206
-202
-195
-183
-176
-183
-171
-170
-146
-155
-155
-133
-116
-128
-131
-115
-107
-110
-84
-79
-82
-66
-47
-43
-18
-12
24
33
64
79
105
141
157
179
217
230
244
273
284
300
266
268
247
227
204
168
124
94
24
-3
-40
-59
-106
-116
-139
-152
-171
-160
-184
-172
-177
-179
-164
-170
-179
-178
-179
-187
-180
-184
-179
-183
-193
-178
-176
-170
-165
-180
-172
-175
-184
-174
-190
-184
-186
-186
-195
-175
-197
-204
-192
-195
-202
-192
-209
-192
-196
-197
-206
-198
-198
-204
-225
-195
-199
-199
-191
-202
-212
-199
-202
-193
-206
-198
-199
-197
-191
-178
-206
-191
-193
-191
-200
-193
-193
-203
-192
-197
-191
-205
-194
-187
-193
-199
-203
-169
-151
-122
-107
-87
-50
-69
-81
-63
-48
-100
-111
-124
-106
-68
-86
-92
-75
-128
-194
-227
-219
-232
-234
-211
-220
-221
-214
-205
-214
-211
-212
-227
-252
-356
-434
-443
-274
190
758
1095
1261
1053
714
308
-120
-315
-318
-263
-226
-193
-166
-161
-159
-167
-161
-146
-142
-132
-140
-128
-115
-106
-114
-110
-108
-102
-89
-69
-88
-67
-42
-39
-23
-8
19
35
61
63
96
127
130
192
212
223
266
276
286
283
297
306
291
295
280
233
223
153
116
79
47
-11
-35
-67
-102
-105
-117
-130
-145
-158
-157
-154
-149
-177
-152
-155
-157
-150
-150
-152
-146
-139
-157
-158
-164
-150
-158
-142
-146
-144
-155
-161
-180
-154
-143
-164
-162
-167
-171
-162
-155
-171
-166
-183
-188
-173
-168
-190
-168
-177
-169
-177
-183
-166
-170
-185
-165
-174
-174
-174
-179
-161
-165
-174
-182
-181
-173
-176
-176
-168
-197
-187
-167
-176
-180
-169
-200
-165
-183
-188
-177
-159
-157
-133
-122
-94
-61
-20
-56
-48
-41
-33
-58
-103
-106
-101
-33
-41
-70
-67
-111
-183
-204
-219
-213
-202
-183
-202
-228
-197
-192
-192
-196
-209
-206
-220
-337
-377
-412
-262
228
747
1096
1266
989
662
244
-177
-358
-351
-276
-232
-205
-163
-162
-156
-156
-174
-125
-154
-130
-108
-103
-94
-79
-94
-91
-100
-112
-77
-44
-41
-49
-15
-9
-11
9
34
66
68
101
114
164
177
194
228
233
269
284
314
318
311
347
297
300
285
224
199
164
115
69
5
6
-41
-81
-95
-106
-114
-122
-142
-131
-124
-136
-152
-151
-134
-158
-157
-133
-146
-138
-142
-136
-136
-152
-140
-149
-148
-114
-124
-123
-133
-139
-149
-142
-131
-128
-148
-149
-153
-164
-148
-152
-150
-168
-153
-138
-163
-145
-164
-173
-159
-168
-161
-157
-161
-165
-170
-153
-149
-163
-163
-168
-141
-145
-156
-175
-160
-166
-160
-160
-152
-151
-173
-160
-164
-110
-85
-88
-48
-42
-60
-32
-35
-51
-90
-88
-94
-58
-46
-48
-65
-82
-165
-184
-198
-181
-209
-199
-190
-192
-180
-189
-179
-186
-185
-206
-194
-294
-386
-411
-327
68
572
964
1153
1017
671
317
-117
-339
-370
-299
-230
-207
-170
-149
-149
-137
-136
-144
-127
-114
-114
-98
-98
-95
-82
-75
-76
-79
-90
-56
-47
-43
-33
-22
0
10
17
35
64
82
112
150
161
179
222
245
263
278
311
304
307
327
304
294
273
251
195
162
118
90
25
-2
-35
-71
-88
-97
-101
-113
-130
-129
-152
-154
-139
-130
-139
-139
-129
-152
-127
-143
-155
-151
-138
-134
-142
-130
-142
-129
-138
-130
-137
-128
-140
-141
-142
-142
-153
-136
-143
-143
-154
-153
-168
-156
-151
-167
-162
-162
-169
-163
-159
-177
-167
-159
-179
-165
-157
-152
-174
-156
-162
-160
-162
-152
-144
-164
-160
-170
-163
-164
-164
-165
-158
-179
-153
-161
-166
-136
-156
-121
-86
-69
-34
-28
-61
-47
-33
-50
-98
-109
-109
-67
-56
-65
-74
-71
-164
-194
-207
-203
-211
-190
-210
-203
-198
-205
-214
-201
-201
-199
-229
-318
-411
-418
-327
109
649
1035
1190
1103
727
389
-54
-304
-315
-259
-228
-190
-172
-162
-171
-155
-153
-147
-145
-137
-138
-128
-111
-123
-121
-98
-109
-97
-73
-54
-72
-58
-43
-32
-14
-18
0
38
41
60
77
122
150
168
198
214
237
253
285
292
302
305
308
285
259
235
198
168
113
61
15
-29
-64
-93
-101
-117
-131
-146
-141
-137
-140
-150
-159
-164
-148
-167
-155
-157
-150
-159
-144
-149
-154
-159
-158
-144
-146
-156
-157
-163
-154
-147
-152
-155
-143
-149
-144
-158
-160
-166
-178
-179
-167
-169
-187
-163
-172
-181
-175
-194
-178
-181
-184
-174
-169
-182
-174
-175
-191
-163
-179
-179
-180
-177
-185
-183
-171
-173
-190
-167
-176
-180
-179
-188
-169
-168
-182
-174
-187
-185
-173
-182
-186
-171
-186
-186
-182
-164
-184
-192
-156
-131
-110
-113
-39
-51
-65
-56
-44
-71
-91
-107
-125
-102
-53
-66
-85
-94
-148
-213
-223
-221
-213
-211
-212
-215
-212
-199
-227
-226
-194
-206
-210
-241
-365
-436
-436
-285
191
773
1101
1270
1069
738
338
-87
-306
-285
-244
-220
-182
-165
-158
-164
-164
-155
-144
-144
-131
-127
-121
-117
-107
-105
-106
-95
-92
-92
-69
-82
-56
-29
-40
-24
-15
14
31
65
84
106
116
149
174
201
226
246
267
288
290
304
309
300
292
269
236
221
164
116
79
32
-3
-37
-61
-86
-90
-128
-130
-129
-125
-136
-147
-151
-137
-160
-136
-128
-142
-166
-145
-133
-147
-140
-127
-148
-153
-131
-124
-132
-132
-151
-119
-137
-150
-143
-150
-154
-159
-152
-158
-163
-140
-145
-167
-143
-156
-163
-166
-172
-167
-148
-162
-177
-169
-169
-173
-164
-160
-172
-170
-159
-157
-157
-170
-181
-172
-165
-175
-159
-147
-167
-153
-158
-173
-174
-158
-184
-165
-172
-162
-162
-169
-171
-144
-158
-175
-155
-164
-146
-159
-173
-150
-148
-150
-151
-148
-114
-107
-79
-45
-59
-69
-31
-49
-78
-59
-92
-99
-91
-33
-39
-40
-88
-174
-181
-179
-174
-195
-185
-193
-181
-172
-196
-174
-163
-181
-175
-174
-196
-252
-373
-413
-331
26
560
1028
1214
1221
848
507
33
-313
-330
-263
-202
-193
-145
-129
-125
-137
-126
-119
-129
-100
-113
-87
-79
-90
-93
-85
-43
-48
-54
-49
-19
-19
-24
-17
-1
34
31
68
68
100
140
139
176
190
236
258
261
281
295
322
310
326
318
310
306
283
246
218
163
108
88
38
-6
-38
-54
-75
-82
-103
-112
-103
-124
-135
-122
-130
-136
-150
-110
-114
-125
-112
-119
-128
-137
-114
-125
-90
-115
-105
-105
-120
-102
-107
-109
-114
-110
-116
-128
-117
-128
-122
-119
-126
-127
-126
-136
-127
-126
-136
-136
-145
-116
-150
-147
-134
-140
-158
-135
-145
-137
-123
-137
-139
-120
-137
-152
-134
-122
-139
-117
-142
-160
-166
-125
-134
-151
-143
-125
-122
-124
-139
-138
-117
-130
-116
-146
-120
-116
-90
-90
-54
-8
-32
-42
-3
-10
-38
-59
-75
-56
-4
-7
-17
-18
-92
-140
-150
-162
-144
-154
-180
-158
-158
-138
-167
-142
-159
-166
-164
-145
-226
-324
-379
-341
-13
459
946
1146
1144
785
456
22
-298
-340
-308
-226
-188
-156
-116
-112
-115
-113
-101
-112
-73
-97
-81
-80
-79
-96
-64
-79
-35
-21
-51
-35
-13
8
0
9
38
37
62
87
114
138
155
191
214
240
274
286
300
312
337
324
364
338
334
321
305
260
219
160
125
84
38
12
-19
-43
-51
-99
-82
-78
-90
-100
-106
-110
-103
-110
-100
-118
-100
-109
-110
-110
-102
-108
-97
-102
-98
-105
-95
-103
-112
-100
-85
-88
-102
-102
-87
-120
-110
-103
-112
-103
-114
-119
-107
-107
-116
-121
-103
-114
-137
-133
-115
-98
-108
-129
-114
-121
-118
-128
-99
-116
-133
-131
-130
-129
-134
-117
-116
-134
-145
-131
-144
-126
-135
-142
-130
-135
-153
-138
-124
-117
-107
-69
-37
17
-9
-28
0
-5
-22
-58
-66
-70
-22
-25
-27
-36
-72
-145
-165
-180
-173
-164
-157
-164
-161
-156
-159
-158
-171
-153
-171
-200
-286
-371
-395
-257
219
743
1083
1220
1023
714
338
-62
-266
-277
-222
-197
-148
-133
-105
-114
-108
-124
-103
-99
-100
-80
-89
-84
-77
-74
-62
-72
-64
-38
-34
-15
-28
-27
8
10
28
59
74
87
129
134
159
190
211
245
281
306
321
338
363
363
373
356
347
320
297
261
218
131
100
65
23
-19
-21
-43
-80
-86
-95
-123
-103
-115
-105
-110
-118
-105
-101
-102
-132
-114
-113
-111
-118
-102
-106
-116
-93
-118
-116
-101
-90
-110
-119
-114
-100
-86
-123
-119
-109
-121
-124
-121
-109
-119
-122
-121
-122
-116
-121
-123
-147
-115
-135
-133
-125
-128
-123
-132
-120
-119
-132
-148
-127
-128
-131
-135
-135
-130
-137
-129
-118
-131
-134
-124
-151
-124
-124
-133
-116
-112
-122
-127
-112
-109
-84
-60
-37
7
-6
-7
3
4
-19
-66
-81
-67
-15
-12
-13
-21
-35
-106
-152
-151
-161
-163
-155
-156
-149
-165
-177
-149
-151
-157
-164
-174
-269
-354
-389
-324
80
613
1064
1243
1223
843
508
34
-272
-277
-218
-200
-179
-131
-115
-124
-117
-124
-110
-110
-100
-98
-85
-89
-76
-77
-86
-56
-51
-65
-49
-34
-22
-11
-1
30
19
41
65
83
121
137
163
192
207
232
283
294
310
316
354
348
364
351
342
319
306
260
199
169
122
74
41
12
-26
-66
-62
-87
-104
-107
-102
-116
-121
-110
-107
-117
-107
-118
-118
-123
-118
-109
-103
-101
-105
-109
-111
-106
-111
-108
-118
-111
-111
-125
-112
-110
-94
-81
-114
-140
-129
-126
-148
-147
-150
-140
-142
-157
-137
-153
-152
-140
-127
-157
-139
-129
-155
-155
-149
-147
-136
-144
-133
-128
-133
-158
-153
-152
-137
-149
-140
-135
-154
-157
-159
-141
-150
-143
-137
-154
-124
-123
-95
-60
-48
-26
-9
-31
-39
-16
-22
-78
-79
-96
-41
-33
-44
-44
-64
-102
-159
-180
-172
-175
-191
-180
-169
-190
-173
-178
-184
-191
-178
-190
-265
-380
-422
-370
-23
496
999
1213
1227
879
527
42
-298
-318
-285
-238
-201
-152
-153
-141
-129
-132
-138
-116
-113
-99
-87
-100
-72
-79
-97
-75
-65
-74
-44
-47
-23
-13
-6
3
12
32
52
67
86
124
164
175
211
236
261
269
287
326
326
330
353
334
321
323
312
251
219
155
110
67
52
-11
-36
-51
-84
-92
-105
-111
-134
-121
-119
-135
-131
-133
-127
-140
-123
-115
-107
-126
-125
-113
-104
-112
-125
-106
-89
-127
-108
-101
-130
-101
-100
-118
-133
-119
-137
-123
-114
-138
-137
-125
-125
-115
-134
-151
-139
-131
-136
-155
-128
-131
-134
-123
-129
-135
-127
-129
-135
-168
-156
-137
-158
-145
-137
-141
-150
-151
-138
-159
-147
-148
-127
-104
-64
-62
-28
-25
-30
-16
-16
-23
-70
-88
-72
-21
-32
-33
-26
-50
-155
-173
-166
-190
-173
-175
-176
-179
-187
-192
-185
-176
-169
-171
-190
-264
-377
-410
-304
67
593
990
1172
1043
690
333
-103
-330
-353
-279
-212
-191
-146
-137
-122
-120
-136
-116
-106
-111
-104
-89
-89
-82
-85
-88
-84
-63
-76
-29
-28
-28
-33
4
16
32
51
77
91
116
153
174
199
206
252
265
287
314
322
341
348
348
345
325
308
294
227
187
145
96
53
30
-3
-30
-59
-90
-115
-82
-120
-96
-108
-110
-116
-115
-117
-106
-120
-113
-122
-117
-116
-112
-107
-103
-116
-105
-112
-118
-103
-119
-105
-117
-117
-111
-106
-111
-112
-117
-120
-122
-116
-112
-125
-126
-116
-125
-143
-131
-121
-114
-139
-124
-129
-109
-138
-139
-125
-143
-125
-140
-116
-127
-145
-130
-130
-114
-144
-134
-136
-116
-135
-134
-128
-97
-84
-51
-23
7
-11
-28
-9
-16
-38
-71
-97
-51
-22
-27
-35
-39
-104
-168
-160
-160
-179
-180
-171
-179
-178
-169
-169
-170
-164
-185
-181
-229
-346
-390
-361
-54
437
910
1164
1191
822
530
88
-242
-280
-247
-215
-192
-147
-135
-132
-123
-128
-130
-114
-117
-107
-107
-97
-79
-79
-65
-89
-82
-56
-31
-35
-23
-32
7
-7
14
35
56
64
101
117
140
167
211
220
253
273
309
322
335
346
361
351
358
317
296
262
219
160
120
70
36
8
-20
-50
-54
-76
-104
-92
-119
-114
-129
-107
-106
-105
-110
-109
-110
-98
-103
-105
-122
-99
-100
-109
-106
-109
-103
-107
-117
-104
-117
-120
-121
-94
-120
-109
-102
-103
-114
-120
-116
-120
-122
-124
-118
-126
-144
-137
-143
-138
-136
-122
-148
-132
-119
-128
-132
-125
-129
-143
-135
-123
-152
-130
-132
-132
-150
-148
-144
-137
-141
-149
-138
-140
-142
-136
-157
-139
-135
-101
-98
-81
-47
-3
-16
-16
0
-9
-33
-63
-62
-85
-50
-34
-32
-44
-36
-117
-161
-177
-169
-171
-176
-179
-163
-167
-174
-163
-167
-178
-165
-178
-223
-329
-414
-397
-171
353
888
1183
1295
993
700
240
-131
-250
-228
-211
-193
-141
-120
-128
-142
-117
-107
-123
-106
-89
-102
-98
-94
-82
-87
-81
-68
-58
-48
-40
-41
-9
-6
10
28
31
42
66
79
115
158
171
192
233
238
288
291
318
345
357
363
355
360
344
317
269
252
185
148
101
58
10
-10
-45
-63
-77
-84
-111
-92
-109
-115
-117
-116
-105
-103
-101
-116
-115
-106
-123
-111
-100
-108
-90
-98
-120
-111
-104
-100
-106
-98
-100
-105
-108
-120
-124
-114
-103
-126
-118
-140
-132
-146
-143
-132
-122
-135
-128
-129
-137
-130
-128
-151
-136
-115
-133
-115
-139
-129
-128
-125
-132
-131
-145
-147
-124
-143
-140
-118
-122
-138
-133
-134
-149
-139
-153
-131
-121
-123
-110
-106
-71
-46
-6
-14
-32
-3
-21
-14
-50
-55
-89
-43
-10
-18
-12
-14
-106
-154
-154
-162
-177
-153
-170
-152
-163
-159
-159
-153
-145
-159
-182
-190
-278
-380
-400
-233
265
828
1141
1332
1074
720
316
-84
-271
-273
-196
-165
-131
-106
-109
-102
-88
-110
-91
-62
-64
-81
-57
-48
-52
-61
-36
-24
-20
9
-14
12
17
11
25
57
71
87
107
130
147
182
217
225
280
287
315
336
339
380
394
390
394
376
367
346
327
289
229
187
151
120
75
33
25
-13
-34
-54
-60
-62
-49
-73
-73
-81
-84
-67
-69
-77
-69
-62
-69
-61
-55
-66
-31
-55
-65
-62
-61
-50
-43
-64
-81
-72
-83
-71
-65
-73
-78
-55
-71
-93
-102
-83
-83
-90
-74
-64
-73
-81
-109
-74
-96
-82
-99
-66
-106
-87
-108
-87
-99
-93
-102
-91
-95
-107
-111
-108
-105
-112
-108
-81
-103
-96
-55
-83
-26
-12
26
20
22
34
34
24
-15
-37
-47
11
30
-8
7
-16
-85
-117
-128
-144
-133
-133
-125
-129
-114
-127
-115
-136
-135
-148
-153
-221
-319
-350
-312
36
531
957
1186
1121
765
439
0
-296
-334
-276
-197
-174
-118
-106
-113
-115
-95
-81
-82
-83
-56
-48
-67
-58
-36
-34
-24
-20
-41
-19
5
-5
6
34
40
56
89
94
104
136
150
186
207
241
269
289
321
335
354
351
361
388
387
375
330
308
280
224
174
137
105
57
23
-13
-21
-35
-68
-52
-71
-70
-77
-79
-82
-81
-68
-94
-87
-94
-94
-76
-83
-81
-90
-86
-78
-74
-90
-78
-82
-82
-83
-79
-97
-88
-71
-82
-75
-97
-83
-90
-89
-89
-81
-104
-94
-97
-104
-102
-85
-108
-122
-119
-99
-112
-108
-107
-112
-102
-107
-108
-107
-105
-110
-124
-109
-105
-105
-106
-120
-119
-111
-112
-112
-111
-103
-81
-57
-50
-9
20
-4
-15
5
0
-29
-53
-60
-24
-8
-4
-15
-27
-72
-142
-147
-151
-154
-159
-145
-150
-142
-147
-147
-158
-149
-156
-156
-214
-321
-386
-366
-65
438
904
1158
1200
855
570
123
-213
-260
-237
-184
-166
-134
-112
-117
-98
-99
-120
-93
-95
-82
-86
-80
-55
-64
-70
-44
-28
-43
-34
-36
-19
-8
2
13
35
39
75
95
115
128
161
176
223
240
269
289
317
340
355
350
376
362
350
350
298
269
221
192
157
103
51
10
-3
-8
-46
-51
-75
-67
-78
-82
-92
-92
-102
-96
-94
-96
-82
-93
-92
-92
-106
-92
-65
-75
-97
-81
-82
-89
-104
-76
-79
-82
-94
-104
-114
-97
-94
-115
-121
-111
-131
-106
-117
-129
-130
-103
-127
-130
-127
-112
-138
-118
-118
-125
-125
-114
-136
-143
-130
-127
-135
-119
-127
-126
-132
-137
-118
-128
-139
-131
-120
-130
-137
-137
-129
-143
-124
-105
-59
-72
-28
6
-12
-8
-4
6
-59
-65
-49
-44
-20
-15
-29
-24
-73
-147
-159
-167
-168
-174
-170
-160
-170
-171
-182
-173
-157
-156
-193
-223
-343
-418
-389
-85
435
927
1167
1251
917
609
153
-227
-257
-240
-193
-195
-129
-118
-132
-135
-108
-106
-116
-105
-106
-95
-94
-83
-65
-71
-72
-72
-56
-56
-53
-35
-27
0
-5
13
38
55
76
98
113
152
167
199
220
254
280
303
322
339
355
345
355
336
322
309
277
226
170
132
96
48
-6
-29
-47
-69
-84
-125
-97
-97
-118
-122
-102
-113
-115
-98
-114
-102
-103
-109
-106
-103
-103
-85
-104
-111
-114
-104
-111
-99
-116
-105
-110
-117
-109
-116
-116
-110
-115
-122
-120
-136
-123
-133
-133
-139
-119
-131
-118
-149
-125
-132
-135
-136
-125
-130
-129
-128
-125
-123
-125
-137
-119
-109
-121
-129
-130
-131
-137
-134
-128
-128
-126
-125
-110
-121
-108
-98
-79
-55
-32
12
5
-26
-11
27
7
-44
-55
-59
-10
-5
-15
-13
3
-87
-140
-159
-155
-161
-140
-152
-153
-144
-145
-126
-150
-151
-137
-164
-222
-309
-394
-331
14
582
1028
1263
1264
901
546
51
-294
-282
-208
-195
-173
-109
-87
-112
-95
-94
-89
-68
-76
-56
-47
-55
-44
-35
-15
-20
-22
-8
-8
-13
7
27
39
49
51
94
98
116
158
156
187
229
249
286
313
305
356
366
366
391
405
397
402
381
341
279
242
211
161
122
91
50
18
-27
-8
-68
-59
-64
-68
-71
-87
-70
-52
-76
-61
-58
-68
-64
-44
-73
-67
-66
-79
-70
-70
-72
-52
-47
-63
-58
-63
-66
-76
-52
-80
-67
-72
-72
-63
-74
-78
-96
-92
-84
-107
-81
-76
-80
-88
-93
-93
-100
-100
-90
-101
-89
-94
-111
-73
-68
-81
-92
-89
-96
-89
-108
-101
-78
-72
-74
-49
-12
-21
34
38
27
27
41
7
-3
-46
-19
25
35
44
23
-15
-78
-117
-126
-112
-117
-103
-123
-115
-110
-98
-123
-110
-104
-133
-125
-204
-285
-329
-278
117
618
1034
1254
1141
798
428
-18
-264
-288
-236
-157
-121
-75
-59
-53
-67
-49
-55
-46
-28
-34
-20
-17
-18
0
-11
12
12
18
24
36
49
72
79
82
103
118
128
168
185
202
218
264
286
301
324
360
382
398
409
422
417
401
416
381
356
308
276
208
186
131
91
87
36
23
5
-15
-11
-14
-18
-43
-49
-47
-29
-27
-30
-31
-55
-42
-33
-28
-33
-27
-45
-41
-27
-27
-32
-35
-27
-34
-16
-26
-25
-39
-26
-22
-28
-34
-33
-54
-43
-39
-59
-68
-43
-55
-36
-66
-48
-45
-51
-56
-62
-40
-69
-61
-49
-70
-80
-71
-61
-75
-64
-63
-71
-75
-75
-82
-61
-21
-3
19
62
78
63
71
78
66
-14
10
0
38
41
54
60
41
-38
-80
-89
-90
-87
-97
-95
-68
-115
-101
-76
-78
-76
-95
-119
-185
-296
-303
-264
102
637
1040
1248
1201
865
509
70
-202
-213
-188
-139
-100
-44
-41
-57
-38
-33
-34
-38
-12
-16
-7
1
7
0
7
12
26
16
25
52
37
54
82
81
109
109
131
152
174
203
227
245
289
304
331
356
368
391
396
403
396
433
405
377
353
307
288
227
205
151
104
57
60
22
-8
-6
-34
-13
-39
-35
-38
-31
-27
-14
-39
-20
-24
-36
-28
-25
-24
-23
-21
-23
-33
-28
-22
-27
-30
-27
-29
-33
-32
-28
-30
-36
-36
-35
-35
-49
-40
-48
-56
-60
-47
-51
-54
-65
-48
-43
-57
-60
-56
-70
-53
-62
-68
-56
-64
-61
-69
-68
-55
-60
-66
-52
-67
-51
-55
-60
-55
-57
-51
-49
-32
1
12
64
64
44
71
73
53
15
17
-13
36
53
43
50
38
-28
-101
-96
-110
-104
-98
-102
-97
-76
-116
-107
-92
-81
-100
-123
-187
-311
-322
-248
148
683
1117
1285
1277
921
570
97
-200
-185
-144
-112
-100
-70
-59
-69
-64
-49
-50
-41
-34
-18
-35
-25
-21
-21
0
4
22
11
8
28
43
53
60
69
82
102
134
138
166
186
195
247
267
302
321
348
372
372
396
407
399
402
405
369
342
307
267
220
160
131
94
66
21
13
-24
-33
-30
-50
-48
-48
-54
-64
-48
-48
-39
-48
-51
-55
-42
-53
-58
-52
-56
-47
-58
-58
-48
-48
-47
-55
-56
-64
-51
-36
-59
-57
-58
-67
-62
-71
-69
-82
-75
-69
-84
-63
-80
-68
-83
-93
-75
-81
-75
-69
-66
-82
-60
-77
-64
-90
-82
-87
-86
-80
-79
-66
-74
-83
-104
-80
-74
-72
-67
-41
-8
6
54
44
38
42
51
13
13
-26
-40
13
48
27
13
14
-80
-112
-112
-122
-115
-115
-119
-109
-108
-133
-124
-101
-109
-109
-133
-226
-309
-350
-280
134
684
1115
1319
1297
909
557
70
-239
-239
-164
-132
-107
-63
-77
-73
-73
-54
-40
-23
-19
-39
-18
-6
-6
-6
-3
-6
7
23
37
35
54
53
61
74
99
111
143
152
182
210
220
263
291
320
336
353
389
406
398
432
460
421
412
385
362
330
289
236
200
153
100
72
45
42
17
-13
-26
-25
-40
-19
-15
-25
-26
-16
-32
-53
-28
-28
-40
-26
-34
-34
-15
-18
-31
-17
-22
-33
-27
-24
-27
-31
-19
-31
-34
-27
-32
-53
-49
-35
-42
-36
-51
-48
-32
-33
-30
-49
-25
-30
-35
-57
-46
-44
-46
-19
-47
-43
-44
-39
-25
-41
-54
-50
-51
-62
-49
-26
15
21
36
97
94
56
80
103
71
41
39
19
69
69
77
82
37
-33
-42
-63
-67
-89
-72
-65
-49
-78
-54
-65
-77
-39
-57
-102
-183
-251
-289
-177
222
732
1123
1294
1129
784
415
-13
-228
-259
-194
-117
-70
-40
-23
-30
-11
-19
6
-22
-4
5
13
0
40
16
29
32
46
58
62
94
98
95
101
115
139
130
181
196
206
223
277
286
319
341
370
378
419
419
424
443
453
446
431
401
368
317
290
246
209
173
115
99
81
59
32
40
-7
1
-20
-19
-6
-6
-7
2
3
-8
-6
11
3
4
13
1
-6
-3
17
9
8
27
9
-2
13
11
-1
-19
-1
-11
-14
-9
-21
-24
-3
-18
-15
-23
-18
-25
-31
-23
-29
-15
-35
-29
-46
-33
-15
-14
-26
-32
-31
-21
-36
-29
-39
-36
-28
-35
-17
-17
6
37
59
82
98
66
98
95
71
50
39
41
75
77
77
67
27
-32
-64
-58
-59
-84
-77
-70
-62
-62
-61
-72
-69
-58
-61
-97
-200
-273
-294
-173
271
777
1149
1292
1121
789
414
19
-189
-211
-147
-93
-66
-36
-31
-29
-31
-11
-14
-7
-15
13
23
21
8
21
21
53
53
66
72
68
59
102
89
115
129
151
174
180
209
237
258
280
306
344
353
381
384
408
418
433
437
425
437
419
363
321
279
251
201
140
122
92
62
42
24
16
6
-8
-20
14
-2
3
-6
-17
-9
-10
-1
7
-12
-10
-4
-9
-11
8
-5
4
4
10
0
-21
-11
-6
-6
-20
-7
-26
-20
-39
-5
-23
-24
-26
-33
-15
-20
-16
-35
-34
-19
-17
-35
-23
-28
-38
-23
-33
-23
-37
-39
-22
-38
-50
-33
-39
-44
-21
-27
-36
-38
-1
11
20
52
94
109
97
99
111
83
68
52
38
64
109
89
85
70
35
-47
-45
-63
-56
-52
-60
-53
-41
-46
-55
-46
-56
-42
-72
-138
-244
-297
-237
116
671
1120
1311
1324
954
632
147
-171
-172
-143
-90
-63
-33
-19
-16
-3
-16
-8
1
2
15
17
21
31
48
41
45
62
68
68
88
86
90
113
117
136
152
169
198
199
234
259
292
320
349
383
396
401
433
449
457
465
465
462
428
404
364
319
268
225
179
157
107
75
68
56
34
29
11
10
-1
5
3
3
11
10
4
-6
0
14
-1
17
-9
15
11
12
6
15
13
13
19
19
10
12
25
-8
17
10
7
0
1
-4
4
-8
-13
-4
-16
-2
-13
-8
-21
-14
-2
-12
-8
-4
-12
11
-26
-2
-6
6
-6
5
-2
-14
-8
3
-12
-3
-3
10
37
67
69
122
141
116
122
137
125
90
57
56
102
111
106
98
88
13
-45
-37
-29
-46
-40
-38
-39
-40
-43
-41
-36
-32
-43
-64
-135
-230
-270
-190
213
744
1174
1378
1350
994
637
168
-148
-160
-95
-66
-39
4
5
3
11
27
23
36
44
45
41
57
62
57
65
80
84
105
101
116
119
134
144
150
166
183
185
211
234
277
293
316
349
365
399
435
454
460
479
492
483
478
481
468
423
385
346
307
268
211
160
143
121
88
75
73
52
47
36
34
21
35
27
38
28
32
25
34
24
12
20
21
49
38
45
13
22
45
17
19
30
15
26
28
38
28
22
26
26
31
10
11
25
15
3
9
12
16
30
12
25
10
2
3
12
13
19
7
16
17
15
12
6
22
20
20
15
15
16
22
19
17
47
75
102
116
146
144
121
137
132
97
85
74
111
139
116
96
123
61
-16
-17
-28
-28
-17
-29
-49
-26
-42
-22
-39
-17
-20
-32
-58
-181
-260
-241
13
522
1019
1326
1407
1018
716
265
-102
-186
-176
-100
-58
-49
7
9
29
16
45
40
35
44
57
53
70
80
74
98
92
100
86
116
113
123
169
178
165
191
221
227
244
280
306
332
347
375
388
428
449
460
488
491
501
477
467
447
447
393
353
333
276
248
180
157
120
103
90
82
71
70
66
23
25
51
34
37
53
59
60
36
55
52
62
34
60
53
56
68
65
62
54
57
65
42
46
49
60
53
52
69
54
24
38
68
59
55
54
48
52
64
53
63
46
60
56
61
57
61
44
58
46
61
48
43
54
65
41
44
48
48
47
44
72
116
127
163
159
151
161
175
155
115
102
102
146
138
161
163
124
42
18
11
10
6
-4
29
18
19
16
15
24
28
16
0
-82
-178
-201
-135
258
774
1180
1347
1238
907
561
127
-121
-153
-84
-22
-9
56
58
47
52
82
68
77
69
81
98
92
93
104
113
111
130
118
144
160
159
170
188
196
203
227
250
266
282
323
348
350
388
430
441
463
488
486
502
511
516
520
508
459
447
397
375
323
277
238
193
179
150
130
109
106
103
91
92
66
84
67
88
72
77
87
72
77
75
74
66
91
75
81
81
79
68
78
75
69
85
81
76
77
75
65
61
69
61
64
57
62
64
47
55
56
39
53
63
49
49
61
49
57
51
44
47
38
49
44
46
32
44
45
52
56
55
57
60
55
55
35
74
98
110
134
193
191
162
180
192
150
116
116
117
170
170
189
165
136
53
29
15
-4
11
23
21
28
23
22
13
23
17
16
-15
-123
-201
-231
-75
409
935
1284
1441
1234
909
531
96
-100
-88
-39
-12
18
55
47
50
54
62
60
79
100
96
97
89
117
113
112
110
132
133
145
164
153
177
192
197
213
233
245
259
279
301
332
357
402
421
442
458
471
493
518
503
510
519
501
475
461
417
364
331
288
229
198
163
147
130
109
93
94
80
76
74
80
83
69
63
67
67
86
80
65
82
75
83
84
87
83
73
76
70
72
71
74
82
66
68
63
61
54
49
61
63
59
55
54
57
55
53
48
40
57
47
41
47
49
49
66
62
54
58
53
40
37
50
59
41
54
58
45
43
39
36
51
40
50
49
68
68
90
104
144
178
173
161
180
169
148
127
104
99
146
183
185
173
132
51
41
18
17
27
28
21
28
27
30
20
20
18
17
-15
-88
-189
-214
-130
273
825
1258
1438
1396
1027
682
202
-101
-97
-22
6
28
48
64
51
80
82
91
91
95
82
103
124
122
112
130
152
142
153
163
158
162
185
202
213
235
246
256
287
300
333
365
396
408
437
473
488
497
521
547
539
540
540
533
527
491
440
407
347
318
278
236
195
176
162
120
128
103
106
105
99
94
107
99
101
98
114
116
103
103
114
101
104
103
103
105
111
105
104
117
98
105
88
107
111
109
97
90
89
102
101
85
79
80
80
90
83
73
67
95
81
80
77
87
83
75
79
77
85
78
78
79
79
65
92
96
65
76
84
82
85
80
84
81
68
63
79
82
72
78
85
95
99
104
143
179
205
185
201
211
209
181
159
150
125
173
189
193
195
158
60
42
39
41
38
39
52
33
43
23
51
62
34
50
12
-20
-108
-183
-168
139
660
1176
1441
1471
1122
795
323
-47
-117
-63
15
13
66
96
88
94
80
98
115
116
129
156
132
122
136
127
147
155
162
170
173
199
219
220
236
238
266
259
283
308
320
365
395
417
442
444
489
494
519
533
555
540
566
558
538
498
498
460
376
359
308
279
245
214
187
158
134
130
140
134
128
140
111
128
106
128
96
113
126
129
107
114
128
126
129
128
128
135
137
130
131
137
122
112
130
110
126
127
104
95
94
98
97
126
99
104
105
88
97
88
89
91
88
103
86
92
82
81
93
98
86
95
106
67
79
72
77
72
93
102
92
93
77
81
93
83
87
97
101
124
169
175
203
204
179
203
214
214
172
154
138
189
190
194
188
151
97
59
63
55
57
73
77
55
56
51
53
64
69
59
43
-26
-135
-157
-129
205
693
1182
1371
1369
1012
689
217
-85
-106
-83
-18
32
88
93
93
97
93
102
116
114
115
138
144
147
143
158
162
166
164
181
188
195
222
200
227
263
261
270
308
321
336
376
397
422
459
474
496
508
532
557
558
558
554
557
521
508
485
411
405
342
269
261
234
208
184
188
162
156
140
144
128
128
140
138
143
129
122
132
121
137
125
135
138
137
128
136
141
141
110
131
144
145
133
128
152
128
140
143
122
114
127
128
113
117
128
106
116
132
102
109
106
105
110
92
112
103
114
115
98
99
112
100
98
111
99
101
106
96
103
103
95
98
90
79
116
98
94
105
107
91
117
155
173
199
241
213
218
233
218
183
168
164
189
211
215
193
200
157
85
65
63
68
58
66
75
60
50
44
60
61
57
51
8
-118
-172
-173
58
557
1069
1392
1480
1151
856
443
62
-50
-43
8
40
74
104
104
102
95
97
130
109
108
146
135
143
157
144
165
152
179
181
192
197
211
217
232
242
252
282
294
315
338
368
385
407
435
444
487
486
525
540
552
549
555
546
536
520
477
460
401
355
326
280
240
220
207
163
151
131
130
119
121
116
101
123
107
110
116
117
111
102
118
113
106
117
118
119
116
117
122
123
122
114
126
106
105
113
91
108
112
125
116
100
103
106
91
76
75
91
96
86
83
84
88
88
89
85
98
86
79
78
95
89
70
74
90
88
87
78
75
81
70
67
76
81
73
75
76
82
80
84
130
144
170
201
209
185
199
221
202
150
156
136
187
200
192
179
185
101
39
40
47
27
16
41
45
31
40
49
48
42
42
35
-32
-123
-199
-183
161
687
1188
1408
1491
1149
815
321
-46
-79
-26
21
10
77
82
82
79
94
104
94
110
129
118
114
140
136
137
146
155
155
163
185
190
188
209
219
239
249
277
293
312
319
363
377
405
439
450
495
501
520
521
543
551
566
535
534
509
477
430
388
334
293
242
221
202
167
142
129
124
107
103
117
123
109
111
100
95
115
117
120
112
127
110
101
114
108
97
112
113
108
104
93
95
108
102
93
89
98
98
91
75
97
89
70
78
99
87
80
75
87
88
72
70
83
78
74
69
68
85
84
74
91
54
75
57
90
74
71
73
71
67
82
67
61
77
63
48
81
85
105
157
146
189
200
187
181
211
211
176
141
166
163
190
207
169
170
130
46
34
30
37
45
51
46
44
37
41
60
69
50
34
8
-104
-177
-167
36
527
1059
1378
1520
1181
872
434
42
-81
-77
-12
14
66
100
75
89
104
110
104
105
124
131
137
130
144
136
175
147
178
159
189
193
202
238
220
254
261
277
292
330
340
358
404
412
429
467
489
502
518
545
556
561
559
560
534
533
501
464
403
358
314
263
246
214
178
171
125
119
105
114
122
130
124
113
112
101
95
102
100
130
104
111
119
110
116
131
125
122
109
117
119
109
129
120
128
125
132
110
104
115
118
122
109
100
113
107
96
89
100
105
102
108
97
110
103
113
97
95
105
106
88
106
102
98
92
95
76
96
109
100
116
117
103
102
115
134
177
180
222
220
206
220
223
189
170
148
154
199
212
196
204
137
72
63
46
65
50
61
68
60
54
61
59
70
65
50
9
-104
-170
-147
64
547
1039
1344
1410
1061
781
368
0
-99
-113
-1
27
56
92
101
102
96
108
112
101
117
108
139
146
138
143
155
157
172
163
177
180
186
204
226
243
254
277
292
310
350
363
395
423
456
469
498
514
523
556
556
550
568
555
541
516
481
439
395
343
307
262
222
201
190
154
160
132
117
124
130
101
105
112
104
120
110
108
102
104
102
111
128
113
117
100
108
114
124
104
115
126
120
115
123
114
116
116
108
125
114
88
111
109
99
112
97
89
103
86
97
85
100
106
82
78
86
84
88
69
80
84
73
81
65
73
81
67
57
85
82
71
99
109
135
149
197
212
194
190
201
195
147
143
131
165
192
186
173
164
107
53
33
33
22
35
39
41
25
50
20
33
48
36
5
-68
-158
-191
-107
288
832
1232
1392
1320
972
636
182
-80
-83
-33
13
38
79
82
82
79
92
82
100
101
111
110
107
127
137
137
143
132
146
168
158
176
181
195
212
225
247
237
286
308
324
366
401
390
437
470
477
506
530
532
542
534
531
538
524
478
436
404
369
316
266
241
209
173
151
149
131
112
94
96
96
89
102
82
103
100
95
103
95
114
99
103
89
102
110
106
103
95
95
96
109
91
93
85
88
90
104
90
78
75
84
95
81
81
71
77
76
78
76
77
64
82
83
79
85
68
61
81
67
69
72
76
73
80
58
83
71
67
69
76
74
51
69
81
89
67
94
104
130
132
186
206
185
181
203
214
161
137
139
140
195
186
173
173
112
41
49
32
27
21
33
29
32
27
30
34
30
27
23
-8
-126
-219
-220
42
577
1087
1383
1500
1183
861
432
43
-73
-45
-8
16
62
78
83
83
80
94
96
92
92
101
116
109
112
123
133
144
133
151
171
163
164
182
186
210
223
241
270
292
314
342
363
390
432
443
474
507
491
537
539
550
550
548
546
512
485
423
402
349
294
271
226
204
180
151
142
116
101
111
124
121
114
112
107
112
122
111
99
88
116
114
120
104
111
114
124
90
105
98
117
110
121
120
100
112
115
92
109
89
96
97
104
98
93
87
71
101
90
87
73
102
72
60
85
81
79
82
84
82
85
76
107
64
59
77
82
57
90
81
83
95
81
72
68
79
77
88
82
88
102
124
143
158
201
198
189
216
210
194
174
145
134
186
197
203
169
189
96
34
48
59
34
35
42
46
49
53
58
47
43
47
31
-15
-126
-190
-154
174
694
1211
1444
1482
1124
773
321
-46
-93
-35
24
47
63
105
91
99
88
106
117
124
133
136
135
128
157
149
158
162
174
186
176
199
195
203
234
243
267
268
313
332
353
361
403
430
451
476
501
501
520
546
562
556
564
576
545
496
477
438
396
344
308
272
231
205
195
166
153
153
131
119
123
110
115
116
127
118
118
111
100
116
141
122
113
122
117
112
110
140
137
137
141
114
125
135
114
128
135
122
101
99
110
105
88
101
119
104
112
104
102
108
94
88
119
86
102
99
105
100
75
83
98
89
87
76
95
93
98
99
91
63
94
94
87
80
98
116
148
174
201
206
199
202
235
211
168
152
138
181
220
200
197
195
114
67
54
60
40
55
60
52
58
68
56
57
77
69
44
-26
-117
-166
-122
213
706
1157
1358
1348
993
663
215
-107
-108
-68
-9
24
62
73
83
97
82
113
93
110
110
134
130
129
138
136
154
175
178
166
176
188
207
226
225
236
254
283
285
299
323
361
380
404
452
471
472
491
519
535
537
545
545
526
511
475
441
405
377
317
292
266
213
194
163
156
128
115
128
111
108
116
104
117
108
103
107
114
113
108
116
116
103
97
109
125
122
116
102
109
116
116
116
125
96
104
103
108
117
97
109
100
91
98
97
83
97
97
92
82
100
82
94
92
79
80
87
95
75
84
87
80
90
76
82
92
77
95
79
77
84
80
82
92
72
90
97
136
158
170
223
187
181
194
201
168
148
124
151
202
194
178
158
140
49
27
22
37
29
22
41
33
39
33
33
40
33
34
-2
-110
-208
-192
40
547
1058
1349
1456
1123
826
402
29
-59
-50
-8
3
50
81
80
81
87
91
95
85
121
109
101
131
116
129
133
129
141
141
154
166
177
191
191
208
244
236
245
281
296
340
359
383
400
433
461
477
507
500
542
550
545
543
515
485
463
419
388
323
294
261
231
189
166
147
121
102
115
101
108
96
103
100
88
93
102
120
98
104
110
103
105
103
120
101
111
104
107
101
103
98
104
107
104
89
94
99
83
87
69
71
62
73
71
67
70
76
67
76
65
80
72
54
59
67
65
67
74
68
60
79
57
65
64
67
70
55
56
54
70
61
59
56
70
60
84
58
57
58
55
86
105
122
144
139
206
181
175
199
208
170
135
136
131
171
178
171
169
152
65
23
34
19
21
24
24
29
29
40
29
9
17
26
-6
-105
-195
-201
-76
392
934
1299
1477
1318
984
593
165
-72
-73
-18
20
51
78
61
78
73
84
81
95
95
99
106
121
111
119
116
148
136
143
161
173
178
188
200
215
216
245
255
262
295
331
349
373
420
438
442
472
497
505
527
537
540
550
523
518
481
447
426
366
313
278
246
232
187
169
136
136
128
112
109
103
91
102
107
109
110
110
96
111
102
105
110
120
114
103
110
93
103
105
91
95
100
95
89
93
82
83
83
75
76
67
78
72
75
87
62
76
60
62
63
46
58
49
69
69
61
65
68
44
53
57
69
72
53
68
78
64
50
48
58
52
53
58
52
67
52
51
48
45
64
59
46
66
80
91
136
132
191
198
182
189
196
166
143
116
125
185
183
183
179
164
87
32
36
55
32
35
30
38
29
34
32
44
61
42
18
-44
-124
-191
-148
224
748
1232
1412
1432
1076
717
236
-78
-124
-56
-3
6
62
72
82
75
85
85
88
93
106
95
89
124
133
146
121
130
151
151
142
175
164
197
219
205
232
249
274
281
320
335
359
386
417
443
430
505
509
515
509
521
537
510
519
496
430
413
357
304
271
224
220
181
154
143
142
115
111
94
98
81
84
105
107
104
105
109
90
98
118
113
106
87
112
102
102
97
111
107
97
83
98
117
98
103
110
100
92
94
85
73
93
82
91
71
97
82
95
61
82
81
92
77
78
82
75
84
85
81
94
82
63
77
70
84
93
71
69
74
83
95
78
65
79
95
79
75
74
114
145
166
196
192
187
198
217
185
152
150
135
183
183
189
183
164
89
47
50
52
64
69
47
39
44
41
55
69
37
48
37
-32
-128
-182
-117
256
763
1208
1382
1314
987
642
179
-92
-138
-65
-8
30
65
82
98
90
101
100
103
113
135
119
139
115
134
148
150
154
166
163
164
172
202
214
222
239
263
275
290
324
343
368
388
405
421
477
495
499
519
515
539
517
549
548
527
489
460
416
359
319
301
254
213
192
179
168
156
137
128
117
116
110
120
109
118
104
112
95
112
107
118
122
103
104
108
126
116
110
112
113
112
120
114
119
122
104
111
103
92
106
95
95
80
96
107
100
101
97
109
94
109
97
96
102
103
100
89
95
82
104
96
85
84
99
77
91
106
95
98
100
102
78
83
103
88
81
103
96
94
147
132
164
210
245
216
197
229
198
165
149
138
173
209
210
202
179
131
59
62
49
53
49
68
58
50
63
64
46
61
37
27
-42
-110
-183
-114
221
734
1182
1384
1388
1063
732
262
-76
-97
-24
12
53
86
86
90
89
90
115
117
121
140
143
142
150
139
171
169
173
184
182
194
193
198
219
261
256
271
281
292
323
349
371
386
418
430
469
484
501
522
539
552
561
534
559
539
506
465
425
384
348
304
276
234
198
186
151
139
135
127
130
123
114
116
113
124
108
120
114
120
119
127
124
118
122
129
119
120
108
113
119
114
123
107
116
109
122
116
115
111
102
105
101
115
95
96
94
96
96
101
89
88
102
105
96
83
101
102
103
90
103
98
92
101
104
97
106
96
99
93
92
83
89
77
92
81
89
98
96
99
117
136
173
185
226
216
201
208
227
212
178
145
153
207
218
198
187
163
82
55
51
51
47
54
47
50
62
67
76
55
61
52
23
-91
-154
-175
-9
469
1023
1357
1498
1268
951
548
139
-45
-60
3
37
70
100
101
99
104
110
108
116
142
129
130
135
146
151
150
145
169
170
189
186
184
212
232
245
253
258
269
312
321
341
372
400
424
443
478
489
522
535
535
539
551
557
539
527
487
458
399
365
309
297
254
227
195
182
161
146
139
126
119
127
122
112
122
118
120
123
123
135
128
131
129
128
132
129
120
112
135
118
124
118
104
119
117
112
104
109
102
91
103
106
98
96
98
106
117
112
107
92
109
103
100
100
95
100
113
95
95
94
87
102
109
89
93
98
84
93
99
104
100
95
94
100
68
96
85
99
79
97
84
85
91
136
155
150
201
209
204
211
216
178
162
167
131
178
204
198
187
204
102
64
48
45
33
49
51
43
65
53
57
61
54
55
45
-17
-114
-172
-135
170
687
1217
1435
1497
1134
802
334
-41
-82
-21
21
41
79
103
111
102
108
108
111
128
131
135
138
153
154
146
162
156
170
173
189
203
189
217
227
245
258
272
309
293
334
363
372
402
448
470
490
502
527
532
544
549
561
545
548
507
474
436
391
349
306
266
246
205
158
175
154
131
122
120
139
115
105
125
103
116
83
96
117
121
122
125
120
115
136
105
110
111
114
109
112
114
106
117
110
102
99
107
89
110
100
109
82
82
97
82
89
87
82
95
107
107
86
91
91
91
83
94
88
88
106
100
89
80
82
90
102
89
82
100
90
74
80
87
112
136
166
195
196
199
199
220
220
176
160
139
165
211
178
182
176
122
58
52
52
38
35
71
28
50
42
39
74
47
59
45
16
-107
-167
-174
61
570
1041
1378
1447
1082
796
350
-13
-98
-87
-8
11
43
115
105
109
79
122
123
138
132
139
140
148
143
158
164
177
167
185
183
208
216
222
238
255
244
257
297
318
303
363
372
414
435
474
490
510
529
520
543
554
563
546
544
521
465
422
375
347
293
278
226
216
174
153
148
116
116
107
130
119
108
115
114
123
108
114
118
123
116
111
131
124
131
125
129
116
128
116
129
132
116
124
120
120
125
96
87
114
117
109
121
121
100
99
113
100
104
116
105
102
110
109
111
88
90
109
99
107
120
93
114
138
111
111
102
91
106
96
104
102
114
119
148
170
214
237
235
205
223
228
197
172
173
186
204
210
217
206
163
89
77
64
61
59
66
54
50
51
58
58
66
50
45
-7
-94
-158
-155
88
603
1081
1361
1411
1060
778
349
-20
-69
-57
1
32
53
102
99
100
100
109
104
126
109
126
146
141
137
150
159
155
166
179
170
195
207
209
216
252
254
261
277
297
347
362
383
388
429
462
482
487
514
545
542
542
540
544
514
509
453
446
389
338
294
264
226
206
179
155
133
129
116
108
101
105
126
109
114
108
100
124
117
110
107
107
110
126
107
114
118
117
112
110
119
108
119
112
112
130
117
107
104
112
113
115
90
108
109
114
132
99
87
89
105
97
109
103
108
102
110
92
98
91
103
98
91
99
89
91
101
96
101
86
96
83
89
95
93
93
86
103
107
136
162
171
208
224
184
220
236
206
156
158
166
198
205
197
198
176
94
61
55
66
66
62
64
72
67
55
65
74
80
55
26
-77
-159
-163
-10
473
1031
1351
1524
1284
956
574
160
-28
-17
20
41
81
116
102
97
103
117
120
140
138
139
159
143
164
164
168
175
177
157
195
206
224
234
242
251
253
272
301
315
337
368
386
413
448
445
492
505
522
532
551
570
568
571
559
550
497
469
421
396
349
304
289
225
214
212
176
162
152
152
147
141
158
145
145
154
152
150
152
153
150
138
143
154
138
142
143
134
159
151
150
161
162
152
147
144
138
133
157
138
142
141
137
137
126
131
140
136
133
135
142
131
130
116
127
135
131
138
117
121
132
119
131
126
121
143
124
123
123
113
117
111
136
122
116
131
134
112
137
129
171
190
217
254
271
257
253
247
250
208
208
196
224
255
245
226
203
172
86
76
84
94
85
96
67
88
91
103
87
96
83
77
15
-90
-151
-112
219
724
1251
1484
1547
1190
874
375
-1
-22
34
58
90
116
141
108
138
141
149
155
161
175
170
188
207
188
185
207
195
230
223
229
225
247
254
275
292
309
313
337
365
373
395
424
453
484
502
519
550
560
569
574
591
597
573
568
539
516
465
423
392
337
302
280
234
210
209
185
169
159
173
165
165
151
159
180
156
149
160
171
166
171
144
159
172
170
159
153
157
185
173
151
174
168
157
162
159
144
148
149
156
161
160
151
143
150
155
155
137
132
134
143
122
143
142
147
137
154
136
160
142
143
147
150
145
151
140
159
143
131
149
143
142
134
148
132
138
129
131
143
137
180
185
222
240
266
265
248
254
268
240
224
204
220
259
259
262
236
188
131
115
119
104
106
111
110
111
111
98
105
115
96
85
78
-45
-113
-110
97
574
1114
1442
1556
1216
930
503
81
-28
-38
41
74
115
134
128
149
151
156
162
183
187
179
189
191
193
211
229
219
248
246
237
273
275
274
273
307
328
340
361
373
376
411
439
471
509
520
542
551
571
598
606
613
598
603
578
577
548
501
454
406
368
317
289
254
235
217
217
209
204
187
188
186
174
172
182
175
189
190
173
188
180
168
171
168
165
189
173
182
177
169
171
167
179
195
167
177
168
168
176
167
181
155
179
168
169
167
155
161
147
168
153
154
142
179
158
163
166
151
166
139
160
165
153
147
159
155
158
170
163
143
151
133
145
152
136
155
152
150
165
182
162
187
218
257
279
288
268
281
275
264
231
216
218
291
288
257
254
226
165
136
129
129
106
113
125
132
117
118
131
123
119
112
92
-10
-83
-95
8
460
976
1344
1500
1275
959
568
186
-27
-65
42
83
99
140
145
150
148
160
175
177
191
178
180
207
199
206
215
215
222
220
224
249
250
240
261
280
306
315
325
362
374
397
431
440
483
502
515
536
540
569
575
585
574
582
572
560
537
489
454
421
384
328
294
270
239
221
201
214
201
185
184
165
177
160
181
173
180
174
170
169
178
175
179
172
153
175
170
172
170
184
169
172
168
169
178
181
161
165
173
168
160
160
151
150
144
143
149
156
151
156
152
156
155
137
130
140
144
128
134
137
136
144
143
143
138
127
146
152
134
143
133
131
151
138
129
128
122
131
127
131
151
144
178
199
222
241
234
247
245
262
217
189
187
206
243
254
231
229
197
115
101
96
92
104
108
99
111
98
68
90
97
104
93
45
-75
-121
-136
65
570
1082
1399
1516
1205
930
502
115
-4
4
30
73
110
131
145
137
151
148
144
153
141
175
183
171
188
192
189
197
205
212
219
227
239
254
248
259
280
310
314
337
352
382
399
434
458
478
516
501
540
545
563
581
567
564
554
536
506
459
428
382
353
295
273
240
218
194
166
175
154
164
157
155
142
145
151
146
139
153
156
147
140
151
154
137
125
158
146
142
127
127
156
146
145
138
137
148
142
125
144
129
123
117
133
122
112
136
121
121
111
112
125
109
113
97
123
115
116
117
120
105
118
104
120
121
88
109
112
103
107
114
100
92
104
109
103
97
104
100
87
103
107
104
97
116
108
93
121
126
120
129
164
169
205
235
221
216
236
222
201
177
179
188
241
216
214
216
150
70
70
90
69
65
79
76
67
64
63
53
85
76
49
17
-93
-171
-160
124
647
1165
1423
1515
1185
875
429
54
-22
-9
25
55
98
108
109
116
112
125
133
129
138
136
154
150
158
160
170
171
170
193
205
208
220
240
239
240
271
276
302
327
334
367
397
426
443
464
505
507
540
555
552
553
556
555
549
530
482
475
409
377
342
310
271
239
201
187
171
162
172
144
147
150
139
137
130
138
141
142
143
131
149
155
149
146
143
153
140
143
142
153
151
154
146
158
143
138
147
144
135
141
143
128
116
131
126
129
116
128
120
108
100
111
100
127
111
108
119
118
116
119
117
111
125
119
116
125
128
116
119
97
113
125
122
118
117
126
121
117
114
106
117
119
99
98
120
110
96
118
121
92
111
134
156
190
201
252
243
218
225
266
212
176
166
189
230
234
211
225
178
101
80
83
81
57
80
90
77
77
63
82
84
73
70
42
-65
-135
-154
48
549
1084
1421
1554
1228
929
512
96
-37
-57
40
41
80
128
124
129
125
123
125
150
175
152
158
172
184
186
186
191
217
205
212
221
243
252
255
261
308
327
326
342
380
380
430
442
488
496
515
525
552
570
570
567
591
574
558
548
532
488
446
407
369
323
309
257
261
218
194
192
188
155
161
152
176
173
167
141
162
163
143
145
177
153
170
155
172
165
159
177
169
165
173
153
164
177
155
155
175
156
151
144
155
137
148
142
137
147
137
133
150
138
148
148
152
136
121
145
164
137
150
140
146
125
132
154
137
135
113
131
109
133
116
122
125
122
128
106
129
129
120
144
115
157
169
212
234
255
249
233
258
262
234
210
187
208
243
228
244
225
189
105
101
102
100
89
112
89
103
101
127
107
84
106
101
77
-55
-111
-99
141
627
1104
1400
1435
1085
825
367
1
-56
-34
47
69
105
145
153
143
150
161
165
160
163
191
184
197
206
193
201
219
210
220
239
237
245
269
286
291
308
335
334
376
398
424
436
476
493
524
540
576
585
595
605
605
606
593
582
572
529
501
440
414
355
349
311
267
229
232
216
194
193
194
168
177
179
186
174
179
182
176
195
185
179
182
189
179
196
185
189
185
191
200
169
187
188
177
183
186
172
183
181
171
172
173
178
156
163
198
160
158
166
147
155
179
165
157
155
154
159
164
154
159
160
168
157
165
167
156
163
147
170
163
177
160
170
170
168
160
175
153
155
164
184
201
231
247
282
281
271
267
304
272
225
233
232
271
283
282
265
261
173
130
133
133
117
123
136
143
123
128
124
138
131
120
94
-11
-83
-116
7
461
1013
1355
1514
1342
1004
637
232
21
8
63
76
148
154
167
145
171
167
188
187
193
209
192
214
204
210
216
242
229
232
235
253
263
279
286
295
327
330
371
379
375
431
442
471
503
528
555
567
595
601
599
630
636
592
601
603
560
534
479
444
414
366
321
300
268
253
219
229
207
212
198
181
197
198
202
202
211
194
212
209
194
198
198
192
210
199
189
205
197
209
217
193
189
194
190
184
186
186
190
163
184
178
173
164
177
170
168
169
153
181
156
162
160
162
143
140
171
153
155
156
144
151
151
159
160
144
148
151
157
149
145
137
155
145
143
150
146
153
156
145
142
160
177
202
228
285
273
252
264
275
269
233
202
208
244
263
253
233
232
164
111
119
107
109
100
103
98
96
109
108
110
98
97
73
-6
-108
-128
-33
384
917
1319
1506
1443
1093
751
291
2
-4
62
78
132
151
165
164
159
159
162
187
183
184
200
201
202
203
222
214
219
247
246
254
258
274
287
301
301
329
338
358
378
409
428
477
504
496
544
569
574
579
609
622
641
624
617
608
571
538
487
430
397
357
330
305
280
227
223
205
183
166
198
179
177
181
171
174
172
179
198
180
178
170
187
196
171
178
173
191
174
191
198
203
191
183
202
185
177
191
185
184
175
170
162
184
172
153
154
162
154
163
159
149
179
158
159
163
159
144
157
151
166
171
158
137
161
168
157
152
141
163
158
158
148
157
148
151
148
156
143
148
158
150
196
191
216
233
266
295
260
264
281
267
231
226
204
248
276
265
257
246
186
111
102
125
123
95
115
122
111
96
125
111
128
96
112
46
-82
-138
-125
225
744
1254
1520
1575
1208
890
399
28
-18
47
86
91
132
172
167
144
169
185
177
191
193
201
213
199
205
212
221
254
246
249
259
299
278
284
299
312
342
332
390
387
425
453
472
503
535
565
580
585
635
636
641
641
655
656
639
611
589
562
502
450
380
339
317
282
253
254
236
229
213
209
187
194
193
178
211
196
208
213
200
198
201
213
215
204
200
202
204
218
212
200
218
233
200
218
205
210
214
199
191
208
224
185
192
197
190
203
196
184
187
189
198
194
190
194
204
173
168
183
190
214
169
193
196
198
183
176
182
184
195
202
190
185
175
184
161
164
190
176
206
218
226
240
264
301
302
278
307
315
302
259
248
255
280
300
299
281
274
214
163
170
165
175
144
168
171
161
159
165
165
173
165
160
136
24
-69
-92
197
689
1206
1473
1514
1180
890
443
95
23
21
96
132
181
198
205
196
196
207
228
224
236
245
252
234
254
270
265
266
274
275
303
306
312
334
340
329
352
382
414
429
453
488
515
559
557
560
623
631
644
657
689
691
651
672
648
615
580
548
507
453
420
381
338
337
287
273
260
256
255
243
239
233
215
229
229
225
237
226
231
235
235
235
232
222
240
225
232
235
236
226
237
233
232
227
237
226
240
210
221
225
239
232
236
228
220
213
225
211
230
217
221
226
219
214
225
229
221
230
223
202
201
219
202
212
204
213
221
224
197
234
218
210
227
216
203
207
214
187
220
206
211
204
212
235
248
285
291
327
331
317
336
339
322
277
280
267
318
317
316
327
276
197
179
177
177
178
179
191
171
196
174
190
179
178
180
153
84
-13
-34
47
453
988
1368
1533
1440
1097
748
305
62
47
112
157
183
209
227
230
237
232
244
248
246
245
249
265
260
281
294
287
302
312
321
323
331
334
348
372
391
405
401
429
456
471
522
526
571
588
626
634
662
675
686
694
701
692
700
665
643
589
570
503
454
421
399
368
330
323
289
282
263
247
266
241
256
258
227
249
246
239
264
255
257
246
258
261
241
252
259
250
266
266
254
264
265
255
254
254
263
252
244
245
243
242
236
240
224
253
229
239
227
217
231
233
225
233
231
226
236
212
219
221
231
224
223
226
231
225
233
225
226
224
210
217
208
229
211
226
223
211
213
218
219
228
223
223
223
211
218
231
213
205
214
234
215
216
227
256
273
311
342
324
344
333
329
314
291
281
261
313
335
323
332
308
222
204
216
190
179
198
198
212
204
194
196
202
204
211
178
164
72
-39
-33
80
521
1076
1442
1608
1511
1176
818
369
122
127
163
175
222
244
245
239
242
250
260
258
266
277
269
275
287
284
290
296
297
314
305
317
335
341
334
359
389
390
389
444
461
487
486
534
570
574
596
632
651
674
684
686
695
699
690
690
654
610
562
516
474
427
402
355
326
299
276
265
258
252
249
240
233
229
233
225
231
236
235
242
234
259
246
234
247
261
244
254
256
246
249
244
242
240
253
239
221
237
227
229
235
216
232
228
206
219
213
215
213
197
206
224
215
225
211
213
207
210
209
206
209
211
212
206
198
192
197
194
200
202
211
196
208
194
209
214
214
197
205
210
207
203
204
214
212
197
196
198
191
205
209
206
191
197
218
194
178
201
208
193
184
199
215
205
199
196
204
213
231
246
241
254
311
304
311
327
328
291
298
286
253
270
323
332
320
294
225
179
172
181
183
176
191
181
179
171
172
172
171
192
170
173
123
9
-60
-64
225
728
1270
1507
1644
1350
1007
561
179
71
126
152
157
203
217
221
214
208
224
233
241
237
241
264
261
264
269
264
263
287
282
288
312
305
321
360
360
380
385
400
421
445
482
489
521
552
577
595
627
616
660
665
676
669
671
664
647
624
565
520
487
430
383
352
326
309
282
260
224
237
212
230
229
216
203
229
225
221
212
221
198
207
220
208
218
219
200
227
221
225
217
213
225
204
212
206
199
206
217
231
206
206
192
180
219
199
184
178
187
170
180
183
190
168
175
175
195
181
174
175
192
195
188
193
210
196
181
168
179
194
196
183
169
185
199
179
187
175
180
197
190
167
178
192
169
169
168
168
196
190
208
187
166
180
192
185
178
173
184
170
199
185
204
215
223
243
280
269
273
316
297
284
257
261
245
265
295
306
266
230
191
154
155
150
162
161
143
182
167
162
151
188
168
152
164
136
101
-5
-55
24
416
929
1354
1507
1408
1070
734
283
13
3
59
128
157
202
222
216
231
233
218
236
241
263
254
258
267
258
286
285
289
302
285
311
338
344
347
347
374
378
399
405
435
470
494
524
544
560
577
622
637
643
648
650
676
678
665
663
623
580
536
507
473
433
389
360
321
301
287
275
261
238
242
240
222
237
236
230
227
224
221
213
242
222
226
241
248
252
247
237
251
241
246
240
238
229
234
233
243
224
238
232
224
232
234
232
241
248
234
220
242
215
199
223
219
222
219
228
232
232
214
211
226
216
221
239
240
218
219
224
221
222
223
225
232
226
212
231
229
194
218
225
208
221
205
238
232
238
250
234
261
267
283
353
341
335
342
344
308
291
280
269
311
331
325
334
314
241
213
202
184
196
205
199
229
200
203
199
196
205
199
203
142
12
-56
-9
307
767
1224
1467
1511
1179
895
444
110
73
73
142
177
207
226
226
231
240
252
243
253
255
275
289
277
288
299
287
308
307
289
314
329
336
347
358
377
386
401
424
446
466
486
530
557
564
590
626
642
655
665
677
675
691
679
658
635
598
570
523
493
436
403
366
330
326
297
260
259
259
246
246
236
238
229
257
240
248
246
243
252
236
233
245
248
232
231
254
238
248
229
247
255
246
233
237
259
262
246
235
229
249
234
235
229
225
245
233
233
228
220
212
219
226
222
243
228
208
224
238
225
243
220
224
208
218
223
209
211
224
219
220
206
207
224
221
192
198
206
207
198
216
196
201
197
199
212
213
228
236
251
274
301
333
323
307
320
324
308
272
274
275
311
316
300
320
287
211
167
181
173
157
177
148
171
175
166
177
164
171
153
110
-1
-53
-70
207
704
1187
1482
1583
1276
989
544
196
91
104
144
150
197
208
214
191
205
207
217
215
241
231
248
241
252
251
259
272
270
286
270
294
319
320
332
342
364
387
389
410
436
457
481
515
540
555
583
600
617
638
647
693
662
656
644
640
593
553
514
471
432
385
353
304
282
253
266
252
226
210
218
206
206
208
200
218
208
203
210
209
207
197
207
202
225
219
219
210
209
204
205
196
202
212
215
209
210
210
194
202
179
212
194
193
198
185
185
181
173
180
178
200
184
190
191
184
187
180
181
194
187
178
183
191
166
181
174
194
180
172
164
172
177
173
170
176
164
176
163
178
154
189
171
186
166
171
172
166
174
177
192
198
227
261
282
308
293
287
288
293
254
247
228
234
288
275
279
267
232
156
153
144
134
153
145
154
149
135
144
159
158
142
142
74
-40
-96
-75
253
780
1283
1496
1564
1248
923
476
92
54
96
122
133
179
183
167
197
183
198
226
214
212
220
233
231
245
247
239
252
261
268
277
283
286
297
317
333
350
355
374
395
426
447
471
490
515
546
566
592
609
633
643
642
652
641
640
607
592
544
513
439
425
383
344
289
269
248
238
226
238
225
199
198
207
188
187
188
192
196
209
205
202
203
217
200
213
200
215
202
201
209
220
205
213
214
190
211
211
200
205
197
192
196
207
198
185
195
195
181
178
178
194
183
177
185
179
173
168
194
187
184
176
189
186
186
177
176
186
177
180
188
182
186
175
184
174
164
182
177
181
191
172
174
172
191
176
165
174
183
194
207
196
211
229
272
294
330
320
293
314
325
272
267
249
258
306
311
269
273
260
158
158
143
144
137
153
150
149
163
160
158
158
148
145
97
-11
-75
-78
216
731
1258
1533
1592
1245
940
486
118
37
45
114
138
171
203
200
213
194
203
220
228
228
255
222
258
255
256
273
274
282
275
290
293
316
329
327
328
357
371
393
403
439
450
487
533
527
553
592
610
627
648
641
652
668
631
643
620
582
553
511
461
414
375
342
315
284
283
255
213
220
222
209
190
212
218
187
201
181
201
208
183
189
201
218
222
214
210
233
200
206
244
216
198
209
210
223
209
225
191
213
198
196
214
190
204
179
209
207
198
188
189
186
184
191
198
208
196
196
199
190
166
193
169
188
185
198
183
212
202
183
205
197
183
182
179
191
192
176
180
195
192
188
198
196
199
221
260
272
286
327
308
313
320
318
297
230
209
203
319
299
353
311
235
193
173
199
170
179
166
157
159
162
168
170
163
157
143
109
-13
-63
-46
249
755
1233
1447
1454
1108
822
361
47
-13
33
102
127
167
206
214
211
208
220
226
232
242
254
243
251
274
272
285
284
296
298
305
314
335
335
357
364
378
394
421
421
458
487
487
512
539
572
591
596
631
634
678
661
671
643
639
631
610
575
511
465
431
378
353
320
313
291
260
266
235
242
237
231
234
229
236
232
228
237
228
232
215
227
233
241
237
235
226
228
234
233
242
226
232
244
253
245
225
224
231
223
241
231
234
232
234
230
235
244
225
238
216
230
237
223
230
223
213
226
234
218
227
211
210
205
216
223
214
216
219
222
236
204
220
226
224
228
229
219
250
266
281
320
349
324
333
339
335
300
287
274
312
332
316
316
300
245
194
186
190
185
192
183
195
178
184
187
189
186
181
163
69
-5
-36
48
436
959
1351
1510
1436
1115
772
336
80
62
115
178
170
208
216
217
223
233
223
236
248
243
270
237
264
265
260
279
280
278
305
307
303
317
329
351
354
368
383
404
424
475
475
497
512
542
587
609
647
629
654
669
658
663
655
637
600
591
545
498
473
394
376
338
330
284
274
256
230
225
236
231
222
223
222
217
215
213
225
229
220
228
236
221
227
212
234
238
239
232
213
222
240
227
219
204
231
219
195
217
200
205
219
212
203
194
215
210
198
205
205
198
216
201
211
211
196
182
211
213
196
203
190
190
199
191
206
204
202
197
208
212
190
192
205
202
207
197
218
210
227
244
286
307
339
323
308
324
338
290
280
259
262
301
315
286
288
263
206
170
150
171
166
162
175
172
177
167
184
163
175
156
129
27
-48
-66
130
593
1165
1466
1594
1322
1043
625
240
89
101
136
154
199
208
209
190
196
216
212
229
222
245
232
248
246
262
266
268
279
276
283
306
308
313
328
326
352
367
371
398
402
440
472
511
512
552
571
595
612
638
645
646
644
656
641
622
598
571
525
466
425
392
362
333
280
288
262
217
218
201
210
215
196
204
202
195
207
205
210
209
191
206
212
201
210
211
225
190
215
209
218
214
197
219
210
205
197
202
202
202
211
213
186
187
195
188
185
178
181
196
175
185
192
180
183
178
179
167
175
181
183
166
163
170
170
193
183
187
183
165
183
164
169
182
171
178
169
177
169
168
168
164
174
164
188
198
211
249
258
315
306
281
280
301
277
230
228
224
276
259
273
264
257
186
138
134
128
134
140
145
149
140
152
153
129
140
149
117
54
-61
-110
-27
384
908
1345
1523
1531
1192
848
373
46
54
104
119
150
178
175
186
192
178
198
203
204
210
203
221
231
233
251
249
285
268
263
274
291
302
300
318
330
336
353
388
391
429
445
480
502
513
532
566
605
620
618
629
662
637
637
635
613
560
526
484
446
406
358
333
300
275
238
226
213
213
204
186
191
220
185
210
212
197
183
201
206
211
193
196
205
197
193
201
205
195
190
199
198
198
173
197
188
196
186
192
183
184
184
164
196
186
184
189
197
162
175
183
173
183
174
190
161
162
177
181
170
154
179
164
172
173
173
153
175
171
175
184
179
155
184
184
164
175
168
174
179
177
181
201
230
233
238
270
316
276
293
302
293
244
223
206
274
289
254
278
254
178
149
142
140
137
133
156
155
135
154
130
152
142
138
113
65
-61
-103
-22
307
816
1291
1479
1504
1143
811
334
7
-31
25
110
111
156
153
179
181
189
186
205
208
212
207
227
224
221
223
226
264
246
241
260
288
262
294
311
322
329
352
373
388
418
439
460
487
505
549
547
560
600
584
614
616
629
629
604
594
555
516
465
414
371
337
338
283
248
233
244
219
205
213
192
210
193
190
204
202
203
189
185
202
196
201
197
185
203
187
192
183
181
185
205
199
199
212
205
172
191
173
181
184
182
163
182
185
181
156
179
184
170
183
181
174
156
185
171
177
183
168
171
171
173
174
167
177
172
166
162
177
147
165
170
163
160
165
168
174
203
229
268
280
282
275
271
279
232
220
209
241
263
239
255
252
183
140
121
118
107
108
103
111
131
120
130
100
123
122
118
81
-34
-110
-82
161
647
1106
1407
1438
1099
816
404
47
-14
-30
56
84
124
156
158
164
151
154
171
170
177
190
181
194
208
194
200
222
208
226
231
238
254
248
263
282
299
307
324
339
367
398
419
457
477
513
540
537
572
589
579
589
594
594
583
544
516
474
438
381
358
314
279
244
232
201
185
175
178
163
158
149
152
164
155
168
163
155
163
166
157
150
152
163
156
149
155
167
130
155
148
143
150
153
152
157
146
146
155
143
141
140
142
130
139
146
136
138
131
131
124
145
131
125
126
127
128
127
114
132
133
120
127
133
119
119
114
127
115
117
129
114
123
109
117
117
114
117
121
114
122
121
122
153
180
193
213
253
247
221
235
241
202
191
164
173
216
217
211
201
178
99
78
87
60
72
76
70
74
67
67
60
67
62
63
16
-75
-149
-159
26
519
1052
1349
1505
1236
948
541
157
-20
-15
38
60
102
117
111
119
103
128
124
137
141
145
146
154
150
142
163
153
168
181
178
194
198
210
212
234
254
257
276
300
307
333
375
404
420
452
476
491
504
522
535
536
552
535
542
530
505
443
417
375
317
299
260
199
190
167
166
151
135
129
127
121
105
105
123
119
131
116
135
128
129
110
108
125
120
124
127
124
118
116
116
121
131
121
116
121
112
117
110
103
114
89
103
96
93
111
90
103
101
90
89
97
89
96
97
88
106
76
93
81
89
82
87
82
96
90
88
90
75
84
66
91
95
88
79
97
101
76
84
89
82
93
109
95
84
82
104
103
115
136
167
179
230
215
207
219
235
200
149
170
181
219
217
198
198
172
84
71
58
57
54
62
61
63
56
53
66
60
62
60
27
-55
-155
-177
-67
350
908
1302
1472
1415
1062
707
231
-41
-40
18
6
71
97
98
87
99
106
118
114
112
124
134
136
138
143
145
171
163
163
174
187
185
204
211
232
250
259
282
302
318
350
362
393
415
444
471
494
514
533
553
545
561
567
545
544
520
509
450
394
354
321
290
247
208
178
181
162
132
147
136
123
138
118
122
128
133
138
121
126
108
115
116
129
125
139
139
130
142
151
139
138
142
121
131
133
128
126
126
118
119
110
117
122
118
126
93
123
111
120
111
114
108
113
123
113
96
128
112
115
97
102
104
98
110
117
112
116
95
103
91
110
107